0.4828	0.3324	1	0	0	1	0	0	1	0.0103	0.0965	0.034	0.0066	0.2019	0.489	0.2302	0.0057	0.0015	0.0252	0.0012	0.0186	0.1019	0.0377	0.0225	0.0749	0.917	0.1019	0	0.064	0
0.6034	0.3097	0	0.3333	0	1	0	0	0	0.0029	0.3358	0.0017	0.0014	0.0416	0.1033	0.169	0.0055	0.004	0.0118	0.0182	0.0121	0.0947	0.0147	0.0087	0.0609	0.7954	0.166	0	0.2324	0
0.3103	0.1379	1	0.5	0	1	0	0	1	0.0106	0.0136	0.0173	0.006	0.0008	0.4136	0.2601	0.0079	0.0037	0.0147	0.0196	0.0115	0.0797	0.0014	0.0129	0.0357	0.6789	0.0729	0.0561	0.0278	0
0.2759	0.0471	1	0.1667	1	0	0	0	1	0.0001	0.0158	0.0093	0.0035	0.0007	0.0958	0.1458	0.006	0.0194	0.0265	0.0206	0.0296	0.0658	0.0012	0.0157	0.1105	0.3313	0.0256	0	0.0052	0
0.0517	0.1525	0	0.1667	1	0	0	0	1	0.0018	0.0113	0.0075	0.0001	0.0001	0.1092	0.1193	0.0071	0.0232	0.0139	0.0011	0.0155	0.0321	0.007	0.0095	0.0372	0.8836	0.1	0.0234	0	1
0.3448	0.1452	0	0.1667	1	0	1	0	1	0.0265	0.0055	0.0531	0.0129	0.0048	0.1041	0.1207	0.0736	0.018	0.0055	0.0197	0.0532	0.0044	0.0091	0.102	0.067	0.7756	0.0932	0.1103	0.0034	1
0.3621	0.1142	1	0	1	0	0	0	1	0.011	0.0867	0.0787	0.0815	0.1175	0.0836	0.1211	0.0385	0.0185	0.0058	0.0601	0.0465	0.0803	0.0323	0.0491	0.0544	0.476	0.1095	0.0154	0.0126	1
0.4655	0.0241	1	0.1667	0	1	0	0	1	0.0007	0.0007	0.0073	0.0003	0.0002	0.0847	0.1193	0.0097	0.0195	0.0134	0.0049	0.0149	0.0015	0.006	0.006	0.092	0.0537	0.0122	0.1469	0.0141	1
0.1724	0.3068	0	0.1667	0	1	1	1	1	0.0406	0.0328	0.2519	0.1821	0.5537	0.1275	0.155	0.0349	0.0122	0.0002	0.1484	0.0068	0.0036	0.2136	0.0855	0.2343	0.1507	0.035	0.2786	0.0766	1
0.4138	0.1364	1	0.1667	0	1	0	1	1	0.004	0.0003	0.0161	0.0005	0.0003	0.0777	0.1325	0.0086	0.0005	0.0205	0.0112	0.0249	0.007	0.0024	0.0171	0.1305	0.8918	0.095	0	0.0047	0
0.1724	0.0868	1	0	0	1	0	0	1	0.0003	0.0332	0.0209	0.0007	0.032	0.113	0.1248	0.0184	0.0352	0.003	0.0114	0.0017	0.0526	0.0246	0.0046	0.0369	0.8812	0.0464	0	0.0243	0
0.3103	0.1766	0	0.5	0	1	0	0	1	0.0032	0.4528	0.0296	0.0143	0.9108	0.2557	0.1713	0.0312	0.0835	0.0227	0.0251	0.0037	0.0242	0.0921	0.0535	0.1216	0.7454	0.1759	0.0109	0.0146	1
0.6552	0.3904	1	0	0	1	0	0	1	0.0048	0.1884	0.1327	0.0162	0.2346	0.6933	0.497	0.011	0.2969	0.0022	0.036	0.0439	0.0496	0.1092	0.0053	0.0577	0.4099	0.203	0	0.2654	0
0.6724	0.5918	1	0	0	1	0	0	0	0.018	0.1881	0.0149	0.0017	0.0006	0.627	0.2148	0.0006	0.0228	0.0241	0.0002	0.0012	0.0661	0.0137	0.025	0.079	0.7867	0.0877	0	0.0933	0
0.3103	0.2645	1	0.8333	0	1	0	1	1	0.0034	0.0269	0.0068	0.0001	0.0005	0.154	0.1192	0.0029	0.0195	0.0107	0.0047	0.0113	0.0254	0.0025	0.0134	0.1258	0.9752	0.0184	0.0597	0.1509	1
0.3276	0.1518	0	0.5	0	1	0	1	1	0.0275	0.0206	0.0153	0.0047	0.0168	0.0865	0.1244	0.024	0.0027	0.0194	0.0171	0.0143	0.0966	0.0008	0.0229	0.1493	0.8419	0.1082	0.0182	0.0174	1
0.1724	0.1	0	0.1667	0	1	0	0	1	0.0097	0.0251	0.0168	0.1309	0.2197	0.155	0.1251	0.0072	0.0158	0.0336	0.071	0.0306	0.1868	0.0128	0.0207	0.1594	0.8711	0.0283	0.0119	0.0334	0
0.2759	0.1941	0	0	0	1	0	0	1	0.0169	0.0665	0.0412	0.0154	0.3734	0.0768	0.1212	0.0029	0.0247	0.0235	0.0296	0.0263	0.1698	0.0466	0.018	0.0395	0.8534	0.12	0	0.0316	0
0.4138	0.1842	1	0	0	1	0	0	1	0.0503	0.0126	0.0298	0.1191	0.3063	0.1016	0.1239	0.0283	0.0438	0.0258	0.1533	0.0385	0.0564	0.0067	0.1862	0.047	0.1945	0.1447	0.1105	0.0665	1
0.7414	0.3601	1	0.1667	1	0	0	0	1	0.0066	0.0043	0.0253	0.0129	0.6155	0.2534	0.264	0.015	0.0145	0.0234	0.0329	0.0057	0.0248	0.0383	0.0208	0.0487	0.7717	0.2032	0	0.2829	0
0.5862	0.0996	1	0.3333	0	1	0	0	0	0.0023	0.0017	0.0117	0.0036	0.0005	0.0727	0.1207	0.0137	0.0141	0.0082	0.0117	0.0095	0.0021	0.0041	0.0068	0.0215	0.2496	0.0346	0	0	0
0.3448	0.2207	0	0.1667	0	1	0	0	1	0.0083	0.1574	0.2331	0.0535	0.5059	0.417	0.3972	0.0053	0.0009	0.4161	0.1013	0.0085	0.001	0.0687	0.0211	0.1338	0.849	0.0057	0	0.0877	1
0.4138	0.1656	0	0.1667	0	1	0	1	1	0.0347	0.0216	0.08	0.1167	0.1335	0.0897	0.1287	0.1888	0.0099	0.0244	0.0189	0.0077	0.1217	0.151	0.0252	0.0948	0.9259	0.0683	0.1328	0.0125	1
0.1207	0.0722	1	0.5	0	1	0	1	1	0.0106	0.3791	0.0095	0.0251	0.1427	0.1905	0.1682	0.0072	0.0092	0.0025	0.0683	0.0201	0.153	0.0258	0.1259	0.1968	0.3565	0.2419	0.4088	0.0384	0
0.2931	0.1332	0	0.3333	0	1	1	0	0	0.0072	0.2165	0.0194	0.1094	0.1993	0.2164	0.163	0.0042	0.0009	0.1929	0.0704	0.0274	0.1821	0.0328	0.0104	0.0217	0.9944	0.1347	0.0079	0.1494	1
0.1207	0.1583	1	0	0	1	0	1	1	0.0013	0.0881	0.0085	0.0055	0.0007	0.11	0.1126	0.0192	0.0157	0.0098	0.0102	0.016	0.045	0.0114	0.007	0.0008	0.0373	0.0976	0	0.0232	1
0.431	0.1255	1	0	0	1	0	0	1	0.014	0.0183	0.0006	0.0029	0.0005	0.1016	0.1237	0.0132	0.0097	0.019	0.0223	0.0011	0.0657	0.0035	0.0125	0.072	0.9882	0.0164	0	0.0218	0
0.6034	0.1985	1	0.1667	0	1	0	0	1	0.0083	0.0098	0.0133	0.0131	0.1466	0.3223	0.8538	0.0158	0.0114	0.0185	0.0066	0.0106	0.162	0.0258	0.003	0.0074	0.8727	0.1086	0	0.0268	0
0.2241	0.2083	0	0	0	1	0	0	1	0.0087	0.1483	0.1515	0.2506	0.675	0.3977	0.2707	0.1093	0.0124	0.4218	0.1783	0.0263	0.0794	0.242	0.0148	0.0945	0.5133	0.1095	0.0198	0.1171	1
0.2069	0.0715	0	0.1667	0	1	0	0	1	0.0027	0.0075	0.0062	0.0009	0	0.1516	0.2776	0.0129	0.0062	0.0238	0.0186	0.0237	0.0411	0.0028	0.0104	0.1005	0.6422	0.0789	0.0216	0	0
0.1724	0.042	1	0.1667	1	0	0	0	0	0.1093	0.0905	0.3591	0.3171	0.654	0.2152	0.2637	0.0062	0.2932	0.0018	0.0555	0.0034	0.0207	0.35	0.0923	0.0241	0.7365	0.012	0.1639	0.0219	1
0.569	0.2744	1	0.3333	0	1	0	1	0	0.0005	0.0204	0.0081	0.0001	0.0005	0.0827	0.1192	0.0107	0.0234	0.0214	0.0027	0.0099	0.0331	0.0043	0.0247	0.1413	0.6845	0.1661	0.1011	0	1
0.3621	0.1091	0	0.1667	0	0	0	0	0	0.0158	0.0134	0.0431	0.0082	0.1643	0.106	0.1506	0.0988	0.005	0.0038	0.037	0.0075	0.1401	0.0361	0.0306	0.1349	0.2185	0.0613	0	0.0104	1
0.4138	0.0843	1	0.1667	1	0	0	0	1	0.0011	0.0189	0.3719	0.1986	0.114	0.4577	0.4672	0.0357	0.2736	0.0056	0.0266	0.0269	0.0453	0.2204	0.0133	0.0056	0.7292	0.0891	0.0042	0.0121	1
0.2759	0.3068	1	0	1	0	0	0	0	0.0901	0.0604	0.0508	0.0015	0.2487	0.1618	0.1535	0.0161	0.001	0.021	0.1116	0.0858	0.062	0.0593	0.0201	0.0109	0.8147	0.0475	0	0.1643	0
0.1207	0.1266	1	0.3333	1	0	0	0	1	0.0023	0.0082	0.0096	0.0007	0.0004	0.0767	0.1252	0.0051	0.0192	0.0001	0.004	0.0101	0.0332	0.0085	0.0129	0.0767	0.7344	0.1205	0	0.0118	0
0.1724	0.3856	1	0.3333	1	0	0	1	0	0.0016	0.0614	0.0049	0.0091	0.0008	0.1617	0.1445	0.0246	0.0246	0.005	0.0027	0.0185	0.0559	0.0093	0.0001	0.1018	0.6072	0.1421	0.0482	0.0619	0
0.5517	0.274	0	0	0	1	0	0	1	0.002	0.0254	0.003	0.0034	0.5689	0.0828	0.0907	0.0148	0.0214	0.0032	0.0253	0.0192	0.0417	0.024	0.0201	0.0613	0.0851	0.1726	0	0.0188	0
0.1897	0.2937	0	0	0	1	0	0	1	0.0504	0.0292	0.0554	0.1163	0.5969	0.2875	0.2575	0.0808	0.0029	0.0171	0.0909	0.0059	0.0149	0.1542	0.0178	0.0267	0.0036	0.1884	0.0633	0.0327	1
0.5	0.2835	1	0.1667	0	1	0	1	0	0.0386	0.0533	0.34	0.2443	0.2767	0.0835	0.1684	0.3006	0.0189	0.0063	0.0028	0.0234	0.3296	0.0618	0.0323	0.0364	0.7617	0.0008	0.4243	0.1453	1
0.3103	0.2368	0	0	0	1	0	0	1	0.0012	0.0016	0.0014	0.0003	0.0006	0.0872	0.1192	0.0154	0.0066	0.0237	0.0049	0.0022	0.0001	0.0018	0.0136	0.1183	0.9283	0.1902	0.5454	0.0016	1
0.1034	0.0226	1	0.1667	1	0	0	0	1	0.0013	0.0012	0.0049	0.0004	0.0004	0.0782	0.1193	0.0054	0.003	0.0247	0.0024	0.0105	0.0023	0.0004	0.0001	0.1148	0.6359	0.0419	0.0161	0.0003	1
0.7931	0.1686	1	0.1667	0	1	0	0	1	0.2198	0.002	0.1354	0.1118	0.7291	0.4047	0.2792	0.0011	0.0188	0.0064	0.0013	0.0205	0.2742	0.2203	0.0206	0.1602	0.7946	0.0367	0	0.1009	0
0.2069	0.1645	0	0	0	1	0	1	1	0.055	0.0687	0.0428	0.4631	0.7376	0.0957	0.3288	0.2677	0.0149	0.0284	0.104	0.0027	0.1559	0.216	0.007	0.2447	0.4622	0.1653	0.0258	0.1204	1
0.4655	0.1748	0	0.1667	1	0	0	0	0	0.0009	0.0157	0.0103	0.0107	0.2394	0.302	0.5377	0.0022	0.0047	0.0268	0.036	0.0138	0.1062	0.0504	0.0042	0.0301	0.2218	0.0565	0	0.0135	0
0.3448	0.0004	0	0.1667	0	1	0	0	1	0.0013	0.166	0.0199	0.2146	0.8875	0.2885	0.1763	0.0123	0.8057	0.0244	0.1507	0.0267	0.0492	0.0898	0.2512	0.0683	0.0003	0.0768	0.2829	0.0336	1
0.5172	0.1788	0	0.1667	0	1	1	0	1	0.0006	0.0003	0.0278	0.0069	0.0426	0.0927	0.1245	0.0064	0.0125	0.0238	0.006	0.0058	0.0412	0.026	0.0039	0.0602	0.5819	0.0539	0	0.0116	0
0.1897	0.143	0	0	1	0	0	0	0	0.0025	0.0591	0.0735	0.1472	0.1747	0.0794	0.1244	0.0085	0.0009	0.0262	0.0038	0.0184	0.1137	0.0066	0.0079	0.0709	0.8144	0.2194	0.001	0.0181	1
0.3448	0.22	0	0.1667	0	1	0	1	0	0.0366	0.0506	0.0634	0.0754	0.0357	0.0862	0.1213	0.0696	0.0105	0.012	0.0603	0.016	0.0723	0.0084	0.0547	0.0925	0.0345	0.0413	0.1333	0.0206	1
0.2586	0.3783	0	0	0	1	0	0	1	0.025	0.01	0.0014	0.0363	0.1022	0.1191	0.1369	0.0059	0.0176	0.0117	0.025	0.0256	0.1516	0.0039	0.0024	0.2373	0.8733	0.1182	0.0006	0.0606	0
0.4655	0.2266	1	0.1667	0	1	1	1	0	0.0055	0.1865	0.1075	0.034	0.1521	0.1055	0.179	0.1983	0.0488	0.0106	0.1007	0.0014	0.0706	0.117	0.0475	0.0195	0.8843	0.0077	0.1949	0.0496	1
0.0345	0.0974	0	0.1667	1	0	0	0	1	0.0008	0.0008	0.016	0.0015	0.0009	0.0715	0.1214	0.0102	0.0092	0.0023	0.0039	0.0009	0.0331	0.0083	0.0219	0.0867	0.8529	0.0442	0	0.0013	0
0.6034	0.1186	1	0.1667	1	0	0	0	1	0.0001	0.0111	0.009	0.0057	0.002	0.1054	0.1361	0.008	0.002	0.0052	0.0036	0.0163	0.1071	0.0127	0.0248	0.0076	0.5365	0.0653	0	0.0023	0
0.3276	0.3225	1	0.5	0	1	0	0	1	0.0247	0.3328	0.0757	0.0022	0.6482	0.5502	0.3789	0.0143	0.0992	0.0264	0.0061	0.011	0.0073	0.0373	0.0066	0.1014	0.6114	0.0623	0	0.1599	0
0.069	0.12	1	0.5	0	1	0	0	1	0.0014	0.0457	0.0434	0.0178	0.0031	0.0805	0.1197	0.0088	0.0911	0.0161	0.0228	0.0022	0.0015	0.0223	0.013	0.1337	0.2612	0.1573	0.0043	0.0621	0
0.1552	0.1354	0	0.1667	0	1	0	0	1	0.0114	0.0598	0.0126	0.0108	0.401	0.4255	0.1522	0.0227	0.0195	0.0218	0.0172	0.0276	0.0735	0.0434	0.0074	0.0481	0.2793	0.0483	0	0.0544	0
0.5517	0.1346	0	0.1667	0	1	1	0	0	0.0037	0.1945	0.2979	0.1743	0.5544	0.1553	0.1274	0.1885	0.152	0.0214	0.0197	0.0196	0.0259	0.1374	0.0747	0.2978	0.875	0.0242	0.0134	0.0136	1
0.2414	0.2816	0	0	0	1	0	0	1	0.0257	0.2456	0.0797	0.0959	0.1201	0.3306	0.2045	0.0086	0.006	0.0121	0.1161	0.0593	0.0574	0.0401	0.0157	0.0386	0.1796	0.036	0.0022	0.0933	0
0.569	0.2689	0	0.1667	0	1	0	0	0	0.0014	0.0041	0.0141	0.0012	0.0002	0.0804	0.1373	0.0034	0.0181	0.0228	0.0176	0.0062	0.0629	0.0003	0.0174	0.0925	0.972	0.1495	0.0305	0.0237	0
0.2414	0.2309	0	0.3333	0	1	0	0	0	0.0029	0.3251	0.2153	0.1875	0.184	0.1848	0.1215	0.0029	0.1041	0.0238	0.1824	0.0326	0.1139	0.4156	0.0298	0.0964	0.6171	0.085	0	0.2504	1
0.5517	0.3754	1	0.6667	0	1	0	0	0	0.1701	0.4434	0.156	0.0043	0.5322	0.557	0.2046	0.066	0.1711	0.009	0.046	0.0005	0.3881	0.0019	0.0435	0.0436	0.4447	0.023	0	0.3264	0
0.1724	0.0949	1	0.3333	0	1	0	1	0	0.0092	0.0058	0.0016	0.0082	0.1681	0.2949	0.1958	0.0147	0.0075	0.0195	0.0182	0.0036	0.0306	0.0161	0.0006	0.2202	0.1468	0.0429	0.0623	0.0727	1
0.1207	0.3561	0	0.1667	1	0	1	0	1	0.0248	0.0034	0.0026	0.1059	0.0556	0.105	0.1193	0.1464	0.0089	0.0049	0.1096	0.0161	0.0669	0.0901	0.0172	0.0347	0.0414	0.1055	0.1734	0.006	1
0.1724	0.162	0	0	0	1	0	0	1	0.0503	0.2678	0.1706	0.0844	0.5882	0.1458	0.1518	0.001	0.0111	0.2038	0.0534	0.0007	0.2945	0.1419	0.0379	0.0452	0.11	0.2508	0.0352	0.1982	0
0.5517	0.0949	0	0	1	0	0	0	1	0.0286	0.0819	0.1785	0.2769	0.0312	0.6488	0.197	0.3908	0.0088	0.0213	0.0871	0.0694	0.0376	0.0766	0.1312	0.1399	0.8046	0.1604	0.1114	0.0803	1
0.2069	0.0934	1	0.1667	0	1	0	0	0	0.0041	0.0925	0.0755	0.0274	0.012	0.0789	0.2895	0.0093	0.0213	0.0023	0.0688	0.0243	0.1453	0.0311	0.007	0.1276	0.5868	0.0155	0	0.0586	0
0.5345	0.3254	0	0.3333	0	1	0	0	0	0.0073	0.0103	0.2181	0.0005	0.3295	0.078	0.1382	0.0295	0.0115	0.0262	0.0802	0.0439	0.3118	0.2917	0.0593	0.0368	0.408	0.0307	0	0.0505	0
0.2241	0.1069	1	0.5	1	0	1	0	0	0.0571	0.0694	0.0149	0.1231	0.0838	0.1158	0.1256	0.1463	0.0828	0.0009	0.06	0.0291	0.0415	0.1404	0.0003	0.0118	0.7363	0.1141	0	0.0264	1
0.2414	0.375	1	0.3333	0	1	0	0	0	0.0531	0.0328	0.005	0.0133	0.2433	0.1552	0.1596	0.003	0.0174	0.0041	0.0216	0.0166	0.0535	0.0145	0.0195	0.083	0.5212	0.1414	0	0.1125	0
0.7069	0.2215	0	0.1667	1	0	0	0	1	0.0131	0.0387	0.1822	0.1055	0.8168	0.201	0.1463	0.0056	0.5284	0.0046	0.0284	0.0192	0.1562	0.189	0.0033	0.3159	0.2148	0.1286	0.0255	0.115	0
0.6207	0.0179	0	0	0	1	0	0	1	0.021	0.0878	0.1075	0.1278	0.1858	0.0906	0.1216	0.0611	0.026	0.0073	0.0541	0.0489	0.0625	0.0871	0.0823	0.1155	0.7576	0.0269	0.1249	0.0014	1
0.2586	0.2784	0	0.1667	0	1	1	1	1	0.0085	0.0258	0.0844	0.0888	0.1371	0.0778	0.1223	0.1451	0.0205	0.0217	0.0062	0.1727	0.0747	0.0337	0.0001	0.2541	0.7554	0.0348	0.0869	0.0402	1
0.7586	0.1062	1	0	0	1	1	0	0	0.0486	0.0302	0.0085	0.2625	0.6261	0.103	0.3366	0.014	0.76	0.0065	0.2751	0.5723	0.0697	0.234	0.0181	0.0498	0.4573	0.0236	0.4523	0.1543	1
0.2241	0.0985	0	0.1667	0	1	0	0	1	0.0077	0.0835	0.1162	0.0814	0.4415	0.1283	0.1201	0.006	0.0399	0.1814	0.1325	0.0062	0.2592	0.0858	0.0232	0.0692	0.5934	0.0626	0.0111	0.016	1
0.3966	0.0587	0	0.1667	0	1	0	0	0	0.0381	0.071	0.0359	0.0398	0.8003	0.0841	0.1246	0.0002	0.0825	0.0137	0.0241	0.0276	0.05	0.1517	0.0049	0.0321	0.4694	0.0197	0.018	0.0137	0
0.3448	0.2393	0	0.3333	0	1	0	0	1	0.0174	0.0627	0.0284	0.0072	0.0748	0.1122	0.1345	0.0027	0.0238	0.0267	0.0234	0.0211	0.0782	0.0161	0.0146	0.1272	0.7393	0.0809	0.0008	0.0075	0
0.569	0.375	0	0	0	1	0	0	1	0.0202	0.1115	0.0672	0.01	0.6664	0.08	0.3449	0.0037	0.0184	0.0186	0.0261	0.0131	0.016	0.1127	0.0158	0.0028	0.9784	0.1333	0	0.168	0
0.2586	0.2397	0	0.3333	0	1	0	0	0	0.0027	0.1807	0.1127	0.1386	0.3747	0.1065	0.1281	0.0098	0.0126	0.0854	0.0833	0.0181	0.1618	0.1334	0.0098	0.0757	0.1424	0.0151	0.0026	0.0663	0
0.0172	0.0653	1	0.1667	0	1	1	0	1	0.0012	0.0011	0.0024	0.0009	0.0006	0.0739	0.1216	0.0124	0.0449	0.0101	0.0048	0.0069	0.0496	0.0011	0.0155	0.1413	0.0284	0.073	0	0.0002	0
0.2931	0.1094	0	0.5	0	1	1	0	1	0.0109	0.0962	0.038	0.1617	0.309	0.2813	0.1456	0.0112	0.0205	0.0639	0.0783	0.0116	0.0221	0.0108	0.0178	0.284	0.7506	0.0496	0.1507	0.0087	1
0.3966	0.2236	1	0.3333	0	1	0	0	1	0	0.0181	0.002	0.0001	0.0004	0.0911	0.1193	0.0133	0.003	0.0004	0.0102	0.0078	0.0403	0.0037	0.02	0.0361	0.7253	0.065	0.5625	0.0034	1
0.3448	0.2247	1	0.5	0	1	0	0	0	0.01	0.0361	0.003	0.0009	0.0001	0.0714	0.1364	0.0109	0.0256	0.0212	0.0177	0.0079	0.0343	0.0096	0.0152	0.0939	0.8255	0.0789	0	0.0415	0
0.3276	0.1543	1	0.5	0	1	0	0	1	0.0009	0.0102	0.0101	0.0024	0.0001	0.1357	0.1233	0.0062	0.0182	0.0143	0.0222	0.031	0.0047	0.0159	0.0178	0.1199	0.631	0.0952	0	0.0115	0
0.0862	0.2619	0	0	0	1	1	0	1	0.0074	0.1906	0.0057	0.0784	0.7638	0.2965	0.2293	0.1682	0.0189	0.0158	0.0762	0.0179	0.2087	0.1204	0.011	0.4368	0.9509	0.2144	0.0232	0.1685	1
0.2931	0.2386	0	0.3333	0	1	0	0	1	0.0238	0.4692	0.1189	0.1093	0.7857	0.3468	0.1731	0.0389	0.0093	0.0729	0.0323	0.0027	0.0122	0.0626	0.0761	0.2853	0.5225	0.0783	0	0.1219	1
0.3103	0.1127	0	0.1667	0	1	0	0	1	0.0035	0.1761	0.1914	0.1239	0.1851	0.0892	0.1235	0.0166	0.0198	0.2587	0.2277	0.0235	0.2256	0.2014	0.0565	0.2591	0.5593	0.0451	0.0151	0.0449	1
0	0.189	0	0.1667	1	0	0	0	1	0.0019	0.002	0	0.0001	0.0006	0.1042	0.1193	0.0067	0.0047	0.0046	0.0113	0.0082	0.0387	0.0012	0.0127	0.0414	0.5337	0.1179	0.117	0.0055	1
0.6552	0.374	0	0.1667	0	1	1	1	0	0.0248	0.0774	0.0899	0.184	0.1578	0.0884	0.1319	0.2152	0.0031	0.0084	0.1498	0.0082	0.0911	0.0422	0.2927	0.0979	0.1546	0.0423	0	0.1069	1
0.1897	0.0223	0	0.1667	1	0	0	0	1	0.0151	0.0899	0.0401	0.1422	0.2444	0.2406	0.175	0.0673	0.0098	0.022	0.1058	0.0359	0.0108	0.0447	0.2709	0.0355	0.7668	0.149	0.1274	0.0889	1
0.2931	0.2306	0	0.5	0	1	0	0	0	0.0665	0.0034	0.1193	0.4034	0.7421	0.189	0.1351	0.5808	0.0139	0.0105	0.1363	0.0138	0.0989	0.0743	0.0047	0.025	0.5573	0.0738	0.5831	0.1904	1
0.5345	0.1138	0	0.1667	1	0	0	0	1	0.0014	0.0609	0.0329	0.0043	0.4679	0.0811	0.2164	0.0617	0.0101	0.0202	0.0321	0.0245	0.0468	0.019	0.0288	0.2585	0.4923	0.1047	0	0.0841	1
0.1379	0.0292	0	0	1	0	0	0	1	0.0028	0.1594	0.0661	0.048	0.4365	0.1589	0.1413	0.0286	0.0097	0.0009	0.0634	0.0182	0.1306	0.0554	0.0163	0.2053	0.6459	0.0656	0	0.098	1
0.3448	0.0317	0	0.5	0	1	1	0	1	0.0266	0.5433	0.0635	0.1096	0.4215	0.1878	0.1884	0.3111	0.0055	0.0096	0.038	0.0056	0.1575	0.2197	0.0312	0.0845	0.0251	0.1439	0.0095	0.0575	1
0.3621	0.3754	1	0.5	0	1	0	0	0	0.0132	0.2257	0.103	0.0235	0.7559	0.0766	0.1322	0.0087	0.1214	0.0233	0.048	0.0101	0.3127	0.0168	0.002	0.1017	0.7045	0.198	0	0.1036	0
0.431	0.3765	0	0.3333	0	1	0	0	1	0.0294	0.4162	0.0013	0.0342	0.3126	0.2661	0.2756	0.0045	0.0494	0.012	0.0626	0.0016	0.078	0.0606	0.0429	0.2774	0.7218	0.2233	0.0067	0.0642	0
0.1379	0.1583	0	0.3333	0	1	0	0	1	0.0005	0.0367	0.2657	0.1516	0.6026	0.1486	0.1194	0.0168	0.0011	0.3142	0.0293	0.0221	0.1017	0.1029	0.016	0.3382	0.9117	0.055	0.037	0.089	1
0.1034	0.1547	0	0.1667	1	0	0	0	1	0.0008	0.0094	0.0072	0.0016	0.0009	0.076	0.1233	0.0017	0.0164	0.0186	0.0196	0.019	0.01	0.0074	0.0064	0.0067	0.711	0.0335	0	0.002	0
0.1897	0.0861	0	0.3333	0	1	0	0	1	0.0012	0.0007	0.0054	0.0018	0.0005	0.0718	0.1217	0.0135	0.0176	0.0161	0.0087	0.0133	0.036	0.0003	0.0024	0.0786	0.603	0.0548	0	0	0
0.5345	0.2193	0	0.1667	0	1	0	0	0	0.0108	0.2268	0.0352	0.0116	0.0292	0.1273	0.124	0.0149	0.0109	0.016	0.0352	0.0038	0.1147	0.0018	0.0083	0.1177	0.8417	0.1059	0	0.0233	0
0.4828	0.1138	0	0.1667	1	0	1	0	1	0.0509	0.0245	0.3519	0.0141	0.4011	0.2346	0.1291	0.949	0.0137	0.0155	0.6882	0.6881	0.0112	0.1223	0.938	0.0592	0.0159	0.1357	0	0.0339	1
0.2241	0.058	1	0.3333	0	1	1	0	1	0.0433	0.1522	0.0625	0.0343	0.1173	0.087	0.1634	0.0906	0.0226	0.0154	0.0311	0.0065	0.1592	0.042	0.039	0.1304	0.5244	0.113	0.0407	0.0045	1
0.3276	0.1835	0	0.1667	0	1	0	0	1	0.0036	0.0277	0.0099	0.003	0.1166	0.5662	0.5734	0.0136	0.0247	0.0258	0.0144	0.0239	0.0652	0.0345	0.016	0.0294	0.9201	0.1207	0	0.0829	0
0.1724	0.0511	0	0	0	1	0	0	1	0.0348	0.1715	0.1579	0.2321	0.4098	0.1878	0.1283	0.0116	0.019	0.4043	0.1399	0.0172	0.1273	0.1105	0.0879	0.1784	0.9558	0.0559	0.075	0.0489	0
0.5345	0.1945	1	0.5	0	1	1	0	1	0.172	0.0075	0.0084	0.2754	0.2312	0.1309	0.1565	0.4308	0.0097	0.0002	0.1839	0.0785	0.0406	0.2618	0.0425	0.1004	0.4565	0.0096	0.1459	0.1314	1
0.1379	0.2871	1	0.1667	1	0	0	0	1	0.0005	0.0007	0.0002	0.0003	0.0003	0.1181	0.1192	0.0116	0.0085	0.0268	0.0065	0.0028	0.0386	0.0094	0.0001	0.0944	0.6093	0.1214	0.3139	0.012	1
0.5	0.1693	0	0.1667	0	1	0	0	0	0.0081	0.1051	0.1914	0.0503	0.0372	0.2087	0.2036	0.0172	0.0734	0.0131	0.0922	0.0452	0.1826	0.0671	0.0256	0.1963	0.8095	0.102	0	0.0776	1
0.2586	0.1977	1	0.6667	0	1	0	0	0	0.0035	0.0201	0.0007	0.001	0.0041	0.0854	0.135	0.0111	0.0065	0	0.0179	0.029	0.0739	0.0114	0.0129	0.0279	0.4454	0.0483	0	0.0435	0
0.1724	0.1594	0	0	1	0	1	0	1	0.0193	0.0035	0.0331	0.0068	0.0061	0.0989	0.1193	0.0105	0.0244	0.0102	0.0202	0.0566	0.0143	0.0001	0.0078	0.2542	0.1233	0.0182	0.0527	0.01	0
0.6724	0.2543	0	0	0	1	0	0	1	0.0063	0.1299	0.0285	0.0397	0.6026	0.1579	0.1199	0.0867	0.0053	0.0026	0.0259	0.0193	0.3797	0.1803	0.0266	0.0233	0.7801	0.0846	0	0.1466	0
0.6034	0.1401	1	0.1667	1	0	0	0	0	0.0706	0.0181	0.048	0.0137	0.3032	0.2203	0.1362	0.1427	0.0017	0.0056	0.0664	0.0215	0.1609	0.047	0.2691	0.0615	0.1387	0.0321	0.5883	0.0668	1
0.8448	0.394	0	0.1667	0	1	1	0	1	0.0003	0.0005	0.017	0.0171	0.0225	0.908	0.1473	0.0011	0.0185	0.0269	0.0102	0.0124	0.0528	0.0091	0.008	0.0166	0.2514	0	0	0.196	0
0.1552	0.0799	0	0.1667	0	1	0	0	1	0.0023	0.0265	0.123	0.0415	0.4407	0.2164	0.2089	0.0062	0.0217	0.1691	0.1232	0.0421	0.127	0.0268	0.011	0.2505	0.2136	0.0542	0.0052	0.059	1
0.5172	0.178	0	0.1667	1	0	0	0	0	0.051	0.0396	0.4243	0.0666	0.9038	0.0814	0.1201	0.1181	0.2597	0.0008	0.0938	0.0015	0.8206	0.0285	0.0352	0.2626	0.3398	0.1209	0.0002	0.1451	0
0.2759	0.1806	1	0.5	0	1	0	0	0	0.0134	0.234	0.0151	0.0002	0.045	0.4469	0.2724	0.0095	0.013	0.0184	0.0015	0.0002	0.1453	0.0409	0.0233	0.0349	0.6655	0.0164	0.0036	0.0309	0
0.1552	0.2747	1	0.5	0	1	0	0	0	0.0015	0.0138	0.005	0.0096	0.0209	0.0972	0.1258	0.0137	0.0733	0.0028	0.0168	0.006	0.1062	0.0028	0.0009	0.1309	0.6826	0.027	0.0058	0.0329	0
0.3448	0.2244	0	0.1667	1	0	1	1	1	0.0506	0.0364	0.1988	0.1456	0.2491	0.1084	0.1333	0.127	0.0519	0.0108	0.0865	0.0253	0.028	0.2491	0.065	0.274	0.1482	0.1102	0.2204	0.0522	1
0.6897	0.3772	0	0.1667	0	1	0	0	1	0.0001	0.2192	0.0429	0.0007	0.4994	0.7946	0.8158	0.0138	0.0153	0.0019	0.0007	0.0299	0.1773	0.0138	0.0229	0.0668	0.4708	0.0742	0	0.117	0
0.2931	0.1171	0	0.1667	0	1	0	1	0	0.07	0.1638	0.2911	0.2853	0.5268	0.331	0.2132	0.4933	0.0255	0.0006	0.1387	0.0019	0	0.2918	0.0229	0.0369	0.295	0.1246	0.4657	0.2086	1
0.069	0.1448	1	0.1667	1	0	1	0	1	0.0006	0.0517	0.0087	0.0048	0.2479	0.1224	0.1272	0.0102	0.0135	0.0051	0.0536	0.0059	0.0619	0.0702	0.0181	0.0651	0.3575	0.023	0.0713	0.0231	0
0.3621	0.2401	1	0	0	1	0	0	0	0.0931	0.001	0.0639	0.0403	0.1893	0.3714	0.1636	0.0062	0.0047	0.0237	0.0441	0.0037	0.1592	0.0081	0.012	0.0151	0.6748	0.0651	0	0.1912	0
0.8621	0.3097	1	0	0	1	0	0	1	0.0007	0.0309	0.014	0.0085	0.3288	0.4309	0.2058	0.0134	0.0532	0.0091	0.0176	0.0214	0.158	0.0348	0.0132	0.0496	0.4106	0.0689	0.0025	0.1391	0
0.3448	0.3353	0	0	0	1	0	0	1	0.0074	0.1055	0.0039	0.0005	0.3955	0.3581	0.456	0.0738	0.0184	0.354	0.0936	0.0265	0.2478	0.1287	0.0016	0.3876	0.8979	0.0357	0	0.1114	0
0.2586	0.301	0	0.1667	1	0	0	1	1	0.0011	0.0425	0.0591	0.0265	0.0396	0.0768	0.1194	0.001	0.0046	0.0123	0.045	0.0061	0.0661	0.0345	0.0625	0.1008	0.1071	0.0222	0.0301	0.0015	1
0.5345	0.3838	0	0	0	1	0	0	1	0.0292	0.1252	0.0366	0.0892	0.3766	0.8052	0.4882	0.0924	0.0049	0.0061	0.08	0.0252	0.1217	0.063	0.0093	0.0081	0.7497	0.0059	0.0306	0.2304	0
0.5517	0.0978	0	0	1	0	0	0	1	0.062	0.0461	0.0021	0.1664	0.4028	0.5013	0.4689	0.1581	0.0126	0.0118	0.0527	0.0728	0.002	0.0436	0.0918	0.0488	0.405	0.0932	0.0849	0.0784	1
0.6034	0.1135	0	0.1667	0	0	0	0	0	0.0415	0.0075	0.0489	0.0341	0.2186	0.1047	0.1198	0.114	0.0075	0.0042	0.0032	0.0709	0.0642	0.086	0.0233	0.0134	0.689	0.0469	0	0.0586	1
0.0172	0.0485	1	0.1667	1	0	0	0	1	0.0006	0.0079	0.008	0.0024	0.0001	0.0955	0.1506	0.014	0.0184	0.002	0.0171	0.0035	0.0273	0.0022	0.0093	0.0744	0.6385	0.0316	0.0013	0.002	0
0.3448	0.3667	0	0.1667	0	1	0	1	0	0.0513	0.0323	0.0848	0.1296	0.1164	0.0778	0.1198	0.0136	0.0191	0.0164	0.0727	0.0206	0.0405	0.0949	0.0144	0.2722	0.3841	0.0104	0.078	0.0627	1
0.431	0.3327	0	0	0	1	0	0	0	0.0022	0.0116	0.0221	0.0054	0.2988	0.1584	0.1306	0.003	0.0628	0.0101	0.0079	0.008	0.1043	0.0359	0.0128	0.1058	0.1368	0.1106	0	0.1623	0
0.2069	0.0825	0	0.1667	0	1	0	0	1	0.0142	0.1918	0.0029	0.3183	0.0544	0.2382	0.1378	0.0051	0.0197	0.3936	0.0921	0.0462	0.0025	0.2437	0.0177	0.0705	0.3509	0.069	0.0407	0.0061	0
0.3103	0.2371	1	0	1	0	0	0	1	0.0055	0.0546	0.0607	0.0056	0.4326	0.4056	0.5863	0.0017	0.0901	0.0047	0.005	0.0117	0.0138	0.047	0.011	0.0972	0.616	0.0222	0.0031	0.1252	0
0.6897	0.3685	0	0	0	1	0	0	0	0.2542	0.225	0.2948	0.0717	0.0276	0.2838	0.2527	0.0074	0.1429	0.0019	0.211	0.0277	0.1156	0.2344	0.0073	0.3098	0.1561	0.2102	0	0.0588	0
0.3448	0.0365	0	0.1667	1	0	1	0	1	0.0303	0.0238	0.1282	0.1951	0.1801	0.133	0.1309	0.2415	0.0793	0.0247	0.0536	0.0237	0.1283	0.001	0.043	0.0899	0.002	0.0748	0.1806	0.0792	1
0.1034	0.1824	0	0	1	0	1	0	1	0.0442	0.3206	0.1394	0.0196	0.5287	0.1085	0.1233	0.0048	0.003	0.0003	0.0306	0.0141	0.0007	0.0231	0.0166	0.0747	0.0708	0.1033	0.0132	0.13	0
0.5172	0.0938	1	0.1667	0	1	0	0	1	0.0042	0.0229	0.016	0.0033	0.0669	0.1007	0.1437	0.0002	0.059	0.0034	0.007	0.0232	0.094	0.0207	0.0006	0.095	0.3707	0.0665	0	0.0389	1
0.1897	0.378	0	0.1667	1	0	0	0	1	0.019	0.0007	0.0668	0.0795	0.084	0.0834	0.131	0.1228	0.0119	0.0145	0.0383	0.0354	0.0808	0.0311	0.0069	0.1019	0.6311	0.1839	0.358	0.0107	1
0.7414	0.0631	0	0	0	1	0	0	0	0.0303	0.0921	0.0583	0.0197	0.4543	0.2707	0.1966	0.3199	0.019	0.0069	0.1289	0.0282	0.0504	0.1907	0.0198	0.2588	0.6923	0.3236	0	0.2018	1
0.2931	0.2692	0	0.1667	1	0	0	0	0	0.0015	0.1379	0.0429	0.0189	0.7184	0.2671	0.1302	0.0033	0.0524	0.0141	0.0186	0.0239	0.2038	0.0419	0.0647	0.013	0.4633	0.0641	0.0089	0.1555	0
0.3448	0.1507	0	0.5	0	1	1	0	0	0.0009	0.0391	0.0127	0.0008	0.0004	0.0757	0.1262	0.0019	0.0127	0.0127	0.0145	0.0098	0.0169	0.0064	0.0234	0.1025	0.0886	0.0756	0	0.0133	0
0.2414	0.0686	0	0.1667	0	1	0	1	1	0.0026	0.0018	0.2022	0.0085	0.1816	0.0748	0.0656	0.0703	0.0116	0.027	0.0416	0.0005	0.0376	0.0172	0.1343	0.2837	0.2547	0.0985	0	0.0165	1
0.5345	0.1802	0	0.1667	1	0	0	0	0	0.0042	0.0851	0.0205	0.002	0.1418	0.2082	0.1663	0.0117	0.0257	0.0062	0.0435	0.0252	0.0939	0.0212	0.0134	0.1291	0.398	0.0716	0	0.1434	0
0.5	0.1011	1	0.5	0	1	0	0	0	0.0279	0.0465	0.14	0.0537	0.081	0.3863	0.3728	0.0741	0.0215	0.0249	0.0858	0.0751	0.0797	0.0676	0.0909	0.025	0.596	0.1287	0.1296	0.1918	1
0.431	0.1558	1	0	1	0	0	0	1	0.0051	0.035	0.0038	0.0007	0.406	0.3593	0.1681	0.0068	0.0005	0.0106	0.0001	0.0188	0.1224	0.0136	0.025	0.1426	0.2163	0.0793	0	0.1016	0
0.2759	0.378	0	0.5	0	1	0	0	1	0.0178	0.0146	0.0722	0.0576	0.3367	0.1776	0.3287	0.1155	0.0084	0.4403	0.1493	0.0052	0.0467	0.1833	0.017	0.1669	0.0602	0.2434	0.1525	0.2851	0
0.2586	0.1467	0	0.1667	0	1	0	0	1	0.0134	0.0485	0.0302	0.0184	0.0794	0.2213	0.3878	0.0067	0.0084	0.0153	0.0476	0.0189	0.0488	0.0062	0.0153	0.2012	0.9997	0.0982	0.0829	0.0968	0
0.3448	0.0916	0	0.1667	0	1	0	0	1	0.0015	0.0003	0.0088	0.0012	0.0009	0.0717	0.1197	0.0113	0.0108	0.0267	0.0075	0.0285	0.0146	0.0044	0.022	0.0876	0.3595	0.0384	0	0.0003	0
0.4828	0.178	0	0.3333	0	1	0	0	0	0.0023	0.0589	0.0268	0.0071	0.0456	0.5689	0.2666	0.0057	0.0189	0.0102	0.0245	0.0247	0.0191	0.0346	0.0064	0.0191	0.1645	0.036	0.0002	0.1429	0
0.1724	0.0493	0	0	0	1	1	0	1	0.0289	0.0055	0.0748	0.0313	0.6098	0.3722	0.328	0.0149	0.026	0.0522	0.0342	0.0045	0.3845	0.0437	0.023	0.0574	0.4655	0.1192	0.0116	0.0259	1
0.4828	0.1977	1	0.5	0	1	0	0	1	0.0493	0.0307	0.427	0.0538	0.291	0.7725	0.2199	0.0223	0.0176	0.0249	0.991	0.0257	0.2318	0.5735	0.208	0.0641	0.5231	0.282	0	0.0901	0
0.3276	0.378	1	0.6667	0	1	0	0	0	0.0083	0.2353	0.0058	0.0266	0.0303	0.0958	0.1241	0.0794	0.0134	0.0138	0.0295	0.0307	0.1369	0.0644	0.0233	0.1188	0.7378	0.1297	0.0155	0.0111	0
0.2241	0.0628	0	0.1667	0	1	1	0	0	0.0102	0.0533	0.057	0.0229	0.4415	0.1603	0.1239	0.0138	0.0117	0.2971	0.0747	0.0237	0.0732	0.1072	0.0094	0.1257	0.4188	0.0413	0.0005	0.1189	1
0.2931	0.2532	1	0.3333	0	1	1	0	0	0.0194	0.1318	0.119	0.2104	0.1271	0.0944	0.1927	0.1053	0.0274	0.0052	0.2502	0.0235	0.1198	0.0654	0.0382	0.1908	0.2648	0.0702	0.3825	0.0328	1
0.4828	0.1197	1	0.6667	0	1	0	0	1	0.0012	0.0887	0.0055	0.0002	0.0007	0.3367	0.1192	0.0104	0.024	0.0139	0.0068	0.0122	0.0074	0.0023	0.0063	0.06	0.093	0.0289	0	0.0891	1
0.8103	0.1682	0	0.1667	0	1	0	0	1	0.0088	0.1406	0.0774	0.0278	0.2596	0.091	0.1693	0.0478	0.0081	0.0126	0.0138	0.0136	0.1228	0.0491	0.0385	0.0521	0.8377	0.1302	0	0.1681	1
0.6552	0.374	0	0.1667	0	1	1	1	0	0.0378	0.0963	0.0206	0.0026	0.2788	0.0751	0.1318	0.076	0.0071	0.0157	0.003	0.0043	0.1102	0.0237	0.1542	0.1571	0.2448	0.1705	0	0.0458	1
0.1724	0.139	0	0	1	0	0	0	1	0.0043	0.2034	0.16	0.0738	0.133	0.1929	0.1876	0	0.024	0.1691	0.1109	0.0294	0.2502	0.2168	0.0104	0.3603	0.1524	0.1044	0.0122	0.001	0
0.2241	0.3677	1	0	0	1	0	1	0	0.0025	0.0048	0.0036	0.0006	0.0006	0.0813	0.1193	0.0014	0.0025	0	0.0084	0.0147	0.0053	0.0075	0.0229	0.0962	0.8737	0.0304	0.0773	0	1
0.7586	0.0697	0	0.1667	0	1	0	0	1	0.0334	0.3058	0.0754	0.0363	0.4806	0.5236	0.3896	0.1042	0.2737	0.0221	0.0271	0.0122	0.0298	0.2105	0.1666	0.1209	0.2302	0.0569	0.0285	0.2063	1
0.4483	0.1638	1	0	0	1	0	0	1	0.0017	0.0153	0.0175	0.0292	0.0435	0.2319	0.4544	0.0025	0.0017	0.0074	0.0638	0.0873	0.0605	0.0209	0.0097	0.2654	0.696	0.0483	0.0397	0.0792	0
0.3621	0.0365	0	0.1667	1	0	1	1	1	0.0881	0.0672	0.1153	0.122	0.2795	0.0924	0.1216	0.4583	0.0013	0.0164	0.2415	0.0095	0.0989	0.1866	0.046	0.0001	0.0517	0.0129	0.2057	0.0566	1
0.2069	0.0963	1	0.1667	1	0	0	0	0	0.0007	0.0037	0.0027	0.0004	0.0001	0.0703	0.1192	0.0091	0.0242	0.0124	0.0038	0.0083	0.037	0.001	0.0088	0.0731	0.1235	0.1815	0	0	1
0.2069	0.185	0	0.3333	0	1	0	0	1	0.0038	0.0185	0.0221	0.0203	0.204	0.1469	0.1329	0.0136	0.0254	0.0574	0.0341	0.0484	0.0481	0.0217	0.02	0.0665	0.1792	0.1737	0.0018	0.1329	0
0.6724	0.2131	0	0.1667	0	1	0	0	0	0.0058	0.1398	0.0121	0.0207	0.1203	0.6595	0.4064	0.0032	0.0614	0.0113	0.0136	0.0068	0.0702	0.0474	0.0086	0.0887	0.549	0.0229	0	0.1258	0
0.3448	0.3904	0	0.5	0	1	0	0	0	0.0016	0.1313	0.0914	0.0765	0.0682	0.204	0.2044	0.0079	0.0086	0.0186	0.0835	0.0171	0.047	0.0816	0.0416	0.0965	0.9434	0.0329	0.0019	0.1396	1
0.6379	0.3116	0	0	0	1	0	0	1	0.0074	0.0933	0.0125	0.0713	0.4762	0.1967	0.1664	0.0924	0.0406	0.0243	0.0023	0.0131	0.1138	0.1073	0.0108	0.1039	0.5197	0.1096	0	0.0439	0
0.0862	0.1955	0	0	1	0	0	0	1	0.0018	0.0033	0.0026	0.0002	0.0002	0.1061	0.1192	0.0006	0.0199	0.0122	0.0033	0.0032	0.0233	0.0089	0.0242	0.0339	0.1148	0.1345	0.3853	0.0021	1
0.6379	0.1102	1	0.5	0	1	0	0	1	0.0003	0.4281	0.0456	0.108	0.1914	0.651	0.6849	0.005	0.0198	0.0081	0.0248	0.0929	0.025	0.0756	0.0052	0.099	0.3354	0.0522	0.0067	0.002	0
0.2241	0.0409	1	0.3333	0	1	1	0	1	0.0087	0.0942	0.0704	0.0713	0.4124	0.1635	0.1299	0.1001	0.0262	0.0026	0.019	0.0198	0.1804	0.0041	0.0599	0.0517	0.8962	0.122	0.0635	0.007	1
0.4828	0.3521	1	0.1667	0	0	0	0	1	0.0016	0.0018	0.0774	0.0791	0.2243	0.1887	0.4623	0.0489	0.0206	0.0146	0.0815	0.0875	0.0465	0.0928	0.0131	0.0223	0.063	0.0231	0	0.0135	1
0.4828	0.3506	1	0.1667	0	0	0	0	1	0.0024	0.0022	0.0503	0.2003	0.1313	0.2659	0.4983	0.0073	0.003	0	0.1033	0.1231	0.0226	0.0298	0.0452	0.0053	0.9086	0.0159	0	0.0083	1
0.7069	0.375	0	0.1667	0	1	0	0	1	0.0518	0.019	0.146	0.0419	0.7752	0.657	0.3605	0.064	0.0136	0.0236	0.0131	0.0224	0.0376	0.0806	0.0585	0.1205	0.3667	0.2254	0.0002	0.2209	1
0.6724	0.1339	1	0	0	1	0	0	1	0.0208	0.071	0.0608	0.0275	0.0634	0.5321	0.7907	0.0015	0.1696	0.0246	0.0054	0.0102	0.0725	0.0543	0.0308	0.0583	0.1657	0.0681	0.0286	0.1409	0
0.4138	0.1638	1	0	0	1	0	0	1	0.0006	0.0409	0.0005	0.0131	0.0057	0.1611	0.1333	0.124	0.0117	0.0003	0.0406	0.0346	0.1577	0.0034	0.0643	0.1044	0.1359	0.0904	0.2696	0.0119	0
0.5345	0.313	0	0.3333	0	1	0	0	0	0.003	0.1443	0.0619	0.0137	0.2848	0.1167	0.1607	0.009	0.0137	0.0178	0.0017	0.0021	0.2434	0.0524	0.0133	0.0891	0.2188	0.0273	0	0.1463	0
0.4483	0.3324	0	0.3333	0	1	0	0	0	0.0571	0.01	0.0279	0.0088	0.0483	0.6627	0.7037	0.0481	0.0254	0.0023	0.0385	0.0011	0.0183	0.0315	0.0145	0.0199	0.0517	0.0637	0.0133	0.0058	0
0.1897	0.1084	0	0.3333	0	1	0	0	0	0.0006	0.1764	0.1868	0.1691	0.5693	0.112	0.1986	0.0115	0.0221	0.2088	0.0761	0.004	0.1914	0.1565	0.0092	0.1823	0.4898	0.0081	0.0234	0.0626	1
0.3793	0.3152	0	0	0	1	0	0	1	0.0021	0.0179	0.0246	0.0076	0.0034	0.0709	0.1511	0.0031	0.0467	0.0015	0.0097	0.0012	0.0002	0.0019	0.0126	0.0086	0.2575	0.032	0.0091	0.0133	0
0.1552	0.0565	0	0.1667	0	1	0	0	1	0.0006	0.0037	0.007	0.0017	0.0013	0.0983	0.1491	0.002	0.0262	0.0046	0.0252	0.0284	0.0096	0.0227	0.0128	0.0325	0.4025	0.0003	0.0186	0	1
0.7759	0.1649	1	0	0	1	0	0	0	0.0263	0.0604	0.0523	0.1987	0.637	0.1602	0.1321	0.216	0.0032	0.0064	0.0613	0.0159	0.1311	0.1409	0.0532	0.0616	0.1277	0.1646	0	0.0256	1
0.7069	0.0675	1	0.1667	1	0	0	0	1	0.0131	0.095	0.1997	0.0565	0.2874	0.5082	0.5386	0.0029	0.0246	0.0062	0.4301	0.0107	0.1177	0.012	0.258	0.0165	0.543	0.0802	0	0.0734	1
0.2586	0.2981	0	0.1667	0	1	0	0	0	0.0088	0.0132	0.0004	0.0013	0.0002	0.0744	0.1209	0.0126	0.0232	0.014	0.0056	0.0263	0.0586	0.0017	0.0069	0.0598	0.366	0.0048	0	0.0039	0
0.6034	0.1383	1	0.5	1	0	1	0	1	0.008	0.5655	0.251	0.1249	0.5328	0.2037	0.6866	0.016	0.0057	0.0049	0.2576	0.0245	0.0326	0.19	0.0187	0.5681	0.3851	0.0574	0	0.1259	1
0.4655	0.108	0	0.1667	0	1	0	0	1	0.0052	0.0254	0.0591	0.0025	0.4075	0.5083	0.6598	0.0546	0.0095	0.0121	0.0119	0.0449	0.0527	0.0466	0.0198	0.2891	0.8893	0.105	0.024	0.0135	1
0.4483	0.1281	1	0.5	0	1	0	0	0	0.0215	0.5317	0.1389	0.3974	0.3848	0.4584	0.4549	0.0107	0.4311	0.0215	0.1476	0.0125	0.2675	0.1023	0.0105	0.5182	0.4527	0.1791	0.0054	0.0284	1
0.6379	0.3776	1	0.5	0	1	0	0	0	0.0044	0.1363	0.0096	0.0174	0.0201	0.3585	0.6279	0.0018	0.0111	0.0234	0.002	0.0226	0.149	0.028	0.0058	0.1279	0.5375	0.0355	0.0027	0.0642	0
0.569	0.1051	1	0	0	1	0	0	1	0.01	0.1746	0.1247	0.0277	0.1858	0.4138	0.1684	0.3749	0.016	0.0143	0.2428	0.0072	0.0502	0.198	0.0034	0.1463	0.2686	0.124	0.1224	0.0663	1
0.4138	0.1186	0	0	0	1	0	0	1	0.0398	0.1498	0.0802	0.0625	0.596	0.2518	0.5752	0.1704	0.0265	0.0109	0.0434	0.0103	0.1477	0.0261	0.0946	0.0005	0.5325	0.0149	0.0662	0.072	1
0.569	0.2517	1	0.3333	0	1	0	0	0	0.006	0.0356	0.0071	0.0052	0.4084	0.1786	0.1226	0.019	0.0157	0.0238	0.0042	0.0193	0.1227	0.0401	0.0065	0.1381	0.2386	0.0191	0	0.1456	0
0.5345	0.2999	0	0.3333	0	1	0	0	0	0.0028	0.1859	0.005	0.0039	0.4669	0.6962	0.4291	0.0061	0.0162	0.0045	0.014	0.0227	0.0362	0.0154	0.0109	0.0843	0.1064	0.0904	0.0011	0.0685	0
0.3966	0.3758	1	0.3333	0	1	0	0	0	0.0034	0.2175	0.0087	0.0193	0.7127	0.4436	0.3336	0.0034	0.0606	0.0253	0.0374	0.0074	0.1903	0.0318	0.0155	0.0496	0.2115	0.0715	0	0.0416	0
0.5345	0.2911	1	1	0	1	0	0	1	0.2162	0.0687	0.2586	0.0645	0.2184	0.2228	0.1898	0.0079	0.0155	0.0175	0.2616	0.0275	0.0463	0.3519	0.074	0.0074	0.984	0.1919	0.3795	0.1455	1
0.5172	0.1656	0	0.1667	0	1	0	0	0	0.0206	0.2066	0.0791	0.2229	0.047	0.3067	0.1484	0.0123	0.5342	0.0019	0.1986	0.0294	0.3656	0.0728	0.0853	0.1028	0.3535	0.0516	0.8376	0.0002	1
0.0862	0.0748	1	0.1667	1	0	0	0	1	0.0004	0.0029	0.0095	0.0046	0.0007	0.0778	0.1249	0.0134	0.0245	0.0046	0.0091	0.011	0.0042	0.0068	0.0451	0.02	0.2651	0.0704	0	0.002	1
0.2414	0.2762	0	0.5	0	1	0	0	0	0.0014	0.0033	0.0078	0.0004	0.0009	0.1121	0.1192	0.0025	0.0193	0.0074	0.0086	0.006	0.0032	0.0031	0.0107	0.0557	0.3143	0.0592	0.0194	0.0636	1
0.1724	0.0423	1	0.1667	1	0	0	0	0	0.1598	0.2715	0.3358	0.3379	0.1213	0.2204	0.1994	0.0078	0.1548	0.0193	0.0749	0.0204	0.1854	0.2442	0.0023	0.0388	0.8244	0.0002	0.1345	0.0418	1
0.1724	0.3189	0	0	0	1	0	0	1	0.0261	0.2526	0.0595	0.1629	0.1678	0.2229	0.2859	0.0915	0.0071	0.3035	0.0817	0.0265	0.2638	0.2298	0.047	0.1197	0.5499	0.1049	0.0065	0.2128	1
0.5862	0.1959	0	0.1667	1	0	0	0	1	0.0233	0.1127	0.0195	0.0851	0.6367	0.4989	0.3113	0.0059	0.0242	0.02	0.0163	0.0107	0.0618	0.0894	0.0124	0.0632	0.7239	0.0215	0.0003	0.0638	0
0.0862	0.1222	1	0.5	0	1	0	0	1	0.0021	0.2284	0.0226	0.0333	0.8994	0.1078	0.049	0.0082	0.0204	0.0172	0.0139	0.0097	0.0531	0.046	0.0429	0.0806	0.7659	0.1027	0.0024	0.0153	0
0.6552	0.2605	1	0	0	1	0	0	1	0.0156	0.118	0.222	0.275	0.7282	0.2729	0.3292	0.0159	0.2969	0.0145	0.0645	0.0248	0.1979	0.0666	0.3308	0.0064	0.1834	0.0961	0	0.1262	1
0.4828	0.0347	1	0.1667	0	1	1	0	1	0.0106	0.0028	0.0398	0.0113	0.0301	0.0758	0.1206	0.0483	0.0018	0.0196	0.0296	0.0113	0.1166	0.0042	0.0139	0.1381	0.5192	0.2201	0.0079	0.0197	1
0.2586	0.2353	1	0.5	0	1	0	0	0	0.0206	0.0595	0.0353	0.0039	0.5715	0.2531	0.1623	0.0101	0.0515	0.0223	0.0333	0.0259	0.0971	0.0487	0.01	0.1297	0.6772	0.1426	0	0.0083	0
0.3103	0.2641	0	0.1667	1	0	0	0	1	0.0047	0.2166	0.0421	0.3682	0.5368	0.5334	0.1892	0.0001	0.0209	0.019	0.1718	0.0438	0.1111	0.165	0.1763	0.0912	0.367	0.0442	0.5531	0.1283	1
0.7414	0.0682	0	0.1667	0	1	0	0	1	0.0486	0.1746	0.1385	0.1717	0.2711	0.45	0.6352	0.0825	0.072	0.0211	0.1035	0.006	0.0125	0.0261	0.0838	0.5567	0.1495	0.214	0.0283	0.0627	1
0.4655	0.2988	0	0.3333	1	0	0	0	0	0.0077	0.0356	0.0069	0.0041	0.1877	0.1093	0.1254	0.0101	0.0123	0.0085	0.0189	0.0008	0.152	0.0089	0.0015	0.1056	0.103	0.0093	0.0024	0.1127	0
0.7069	0.3269	1	0	0	1	0	0	1	0.0055	0.1595	0.144	0.0205	0.8353	0.387	0.6826	0.0086	0.312	0.0004	0.0491	0.0222	0.0517	0.1409	0.018	0.0458	0.0926	0.155	0.0078	0.1727	0
0.2931	0.0321	1	0	0	1	0	0	1	0.0008	0.0544	0.0108	0.0143	0.3101	0.0914	0.1587	0.0131	0.0052	0.0249	0.0341	0.014	0.1137	0.0007	0.0118	0.2728	0.5434	0.059	0.0339	0.0324	1
0.5862	0.1831	0	0.1667	0	1	0	0	0	0.0493	0.2598	0.1644	0.1846	0.7472	0.2557	0.1891	0.0021	0.166	0.0261	0.0996	0.0089	0.2416	0.1832	0.0222	0.4222	0.366	0.0977	0.0021	0.0715	0
0.4483	0.3772	0	0.1667	0	1	0	0	1	0.0373	0.0357	0.0019	0.0087	0.1989	0.7038	0.7561	0.0154	0.0012	0.0008	0.0152	0.003	0.0465	0.0279	0.0181	0.0734	0.8805	0.1672	0.0086	0.0339	0
0	0.0664	1	0.1667	1	0	0	0	1	0.0009	0.0102	0.0079	0.0004	0.0003	0.0725	0.1276	0.0147	0.0052	0.0208	0.0043	0.0252	0.044	0.0031	0.015	0.1416	0.976	0.0192	0	0.0015	0
0.569	0.0653	0	0.1667	0	1	0	1	1	0.001	0.0001	0.0053	0	0.0005	0.0783	0.1193	0.0105	0.0016	0.0222	0.0071	0.0003	0.031	0.0006	0.0088	0.0658	0.0715	0.0002	0.0544	0	1
0.4138	0.3659	1	0	0	1	0	1	1	0.0023	0.0013	0.0075	0	0.0007	0.0796	0.1193	0.002	0.0087	0.0161	0.011	0.0049	0.01	0.0059	0.004	0.0924	0.8048	0.2316	0	0.0243	1
0.8448	0.1397	0	0.1667	0	1	0	0	1	0.0023	0.253	0.109	0.0172	0.8533	0.1788	0.1334	0.0775	0.0243	0.0217	0.0197	0.0021	0.1896	0.0373	0.0135	0.1257	0.8569	0.0943	0	0.0134	0
0.1552	0.0482	1	0.1667	1	0	0	0	1	0.0014	0.0254	0.0187	0.0053	0.1006	0.223	0.1361	0.0119	0.0116	0.0174	0.0058	0.0199	0.0334	0.007	0.009	0.1403	0.0159	0.014	0.7191	0.0002	1
0.6034	0.2178	0	0.1667	0	1	0	0	0	0.0027	0.1647	0.0125	0.0047	0.3388	0.1211	0.1216	0.012	0.0172	0.0006	0.0154	0.0236	0.0004	0.0351	0.0012	0.0041	0.8855	0.0084	0	0.0858	0
0.5517	0.1426	1	0	0	1	0	0	0	0.0117	0.1322	0.0113	0.0064	0.6475	0.2769	0.1614	0.0165	0.0146	0.0012	0.0228	0.0157	0.075	0.0027	0.0059	0.0176	0.1569	0.0284	0.0001	0.0408	0
0.6379	0.2375	0	0.1667	0	1	0	0	1	0.021	0.0545	0.052	0.0047	0.3864	0.2569	0.1941	0.0073	0.0195	0.0194	0.0268	0.0015	0.0263	0.0731	0.0218	0.0717	0.7957	0.1244	0	0.0706	0
0.2759	0.1529	1	0.1667	1	0	0	0	1	0.0887	0.0194	0.0509	0.013	0.3846	0.1064	0.1251	0.1852	0.0207	0.0134	0.1114	0.0071	0.122	0.0388	0.0487	0.0716	0.3847	0.1038	0.0687	0.0594	1
0.3621	0.0376	0	0.1667	1	0	1	1	1	0.025	0.0204	0.1708	0.2121	0.2817	0.1227	0.1228	0.3517	0.0354	0.0002	0.1384	0.0466	0.1597	0.2338	0.0794	0.09	0.6208	0.0501	0.125	0.0471	1
0.2759	0.3732	1	0.6667	0	1	1	0	1	0.0084	0.3024	0.0577	0.0705	0.0218	0.5016	0.1211	0.0138	0.2153	0.0268	0.0296	0.0476	0.0361	0.0293	0.0511	0.061	0.2636	0.1239	0.0088	0.1688	1
0.569	0.2313	0	0	0	1	0	0	0	0.0057	0.0086	0.0189	0.0308	0.4903	0.1397	0.1203	0.1728	0.0379	0.0117	0.0046	0.0271	0.0083	0.039	0.0179	0.1135	0.4214	0.1608	0.0129	0.0456	1
0.7586	0.093	0	0.1667	0	1	0	0	1	0.0434	0.2813	0.2446	0.3269	0.8222	0.4524	0.2922	0.1238	0.2155	0.0072	0.1702	0.0011	0.0617	0.291	0.1514	0.0794	0.1729	0.1215	0.0083	0.1497	1
0.3448	0.3845	0	0	0	1	0	0	0	0.0215	0.1851	0.0715	0.1113	0.2696	0.1337	0.1677	0.0743	0.0117	0.0177	0.0888	0.0291	0.2086	0.0923	0.0216	0.2904	0.3617	0.074	0.0343	0.3006	1
0.6552	0.656	0	0.1667	0	1	0	0	0	0.1672	0.0426	0.0677	0.1643	0.1843	0.9068	0.5621	0.0067	0.0213	0.0046	0.0571	0.0156	0.0065	0.0627	0.0473	0.1453	0.707	0.169	0.0005	0.3175	0
0.3621	0.1485	0	0	0	1	0	0	1	0.0067	0.2214	0.0263	0.3235	0.3155	0.2782	0.2754	0.0988	0.0742	0.0258	0.1328	0.0072	0.4372	0.2926	0.0937	0.2126	0.3781	0.041	0.1121	0.1556	1
0.0517	0.2386	1	0.1667	1	0	1	0	1	0.0082	0.0004	0.0159	0.0073	0.0002	0.084	0.1192	0.028	0.0185	0.0202	0.0181	0.0249	0.0212	0.015	0.007	0.0657	0.3707	0.1528	0.0599	0.0027	1
0.5862	0.3119	0	0	0	1	0	0	0	0.0018	0.0065	0.0077	0.0013	0.0002	0.072	0.1201	0.0146	0.0049	0.0044	0.0152	0.0218	0.0293	0.0073	0.006	0.0817	0.8062	0.1433	0	0	0
0.0862	0.0223	1	0	0	1	0	0	0	0.0109	0.0329	0.0071	0.004	0.0323	0.0831	0.1752	0.0009	0.0152	0.0266	0.0009	0.017	0.0531	0.006	0.0107	0.0202	0.7677	0.0937	0.0335	0.048	0
0.069	0.0733	1	0	0	1	0	0	1	0.0035	0.0903	0.0208	0.0012	0.0224	0.1649	0.1202	0.0122	0.0026	0.0093	0.0301	0.0111	0.1253	0.0378	0.0219	0.0181	0.1883	0.0556	0.0008	0.0707	0
0.3621	0.1499	0	0	0	1	0	0	1	0.0052	0.0109	0.1781	0.1954	0.0114	0.3869	0.4297	0.5023	0.0327	0.0131	0.0196	0.0266	0.4846	0.1546	0.1464	0.3891	0.2524	0.0448	0.0579	0.0687	1
0.2414	0.0161	0	0.1667	0	1	0	0	1	0.0257	0.0487	0.2739	0.1143	0.9389	0.2545	0.1208	0.1072	0.0195	0.023	0.0702	0.0178	0.0559	0.3058	0.0073	0.0243	0.8301	0.0092	0.1322	0.028	1
0.3103	0.2258	1	0.6667	0	1	0	0	0	0.0049	0.0258	0.0236	0.0071	0.0061	0.0953	0.1196	0.0316	0.0224	0.0246	0.0205	0.014	0.0299	0.0273	0.0121	0.1136	0.2624	0.0837	0	0.0126	0
0.5172	0.1135	0	0.1667	1	0	0	0	1	0.0005	0.1463	0.0006	0.0178	0.0627	0.0882	0.1199	0.012	0.0773	0.0097	0.0428	0.004	0.365	0.0973	0.0134	0.0507	0.5729	0.009	0.0346	0.0217	1
0.431	0.1018	0	0.1667	0	1	0	0	0	0.0014	0.0115	0.092	0.0231	0.07	0.1031	0.1214	0.0151	0.0118	0.0054	0.0043	0.059	0.0846	0.0938	0.02	0.027	0.7477	0.1311	0.0215	0.0238	0
0.6379	0.471	1	0	0	1	0	0	0	0	0.1739	0.0323	0.0373	0.0769	0.0858	0.2183	0.0153	0.026	0.0248	0.0142	0.0252	0.0804	0.0516	0.0127	0.131	0.4152	0.1003	0	0.034	0
0.2931	0.1576	1	0.1667	1	0	0	0	0	0.0414	0.0656	0.0628	0.1446	0.6295	0.6168	0.3176	0.0063	0.0514	0.0252	0.0232	0.0025	0.0266	0.0539	0.0253	0.1102	0.0802	0.1029	0.0015	0.0644	1
0.3621	0.2101	1	0.1667	1	0	0	0	1	0.0062	0.0067	0.014	0.0086	0.0788	0.1197	0.3499	0.0139	0.0707	0.0044	0.009	0.0291	0.0276	0.0352	0.0201	0.0328	0.3115	0.1168	0.0015	0.0464	0
0.0862	0.1291	0	0	1	0	0	0	1	0.0027	0.0287	0.0043	0.0051	0.1335	0.1183	0.1472	0.0109	0.0058	0.0172	0.0175	0.0015	0.1081	0.0104	0.019	0.1413	0.8286	0.0181	0	0.0206	0
0.5	0.1525	0	0	1	0	0	1	1	0.0312	0.0167	0.053	0.1842	0.0454	0.1173	0.1204	0.0436	0.4245	0.019	0.0023	0.0224	0.0121	0.2068	0.035	0.2484	0.7045	0.0096	0.1536	0.06	1
0.7069	0.069	1	0.1667	1	0	0	0	1	0.0065	0.061	0.2047	0.0042	0.2864	0.4767	0.3274	0.0149	0.0198	0.0019	0.0639	0.0008	0.0899	0.0541	0.4092	0.0409	0.7028	0.0971	0	0.0852	1
0.5862	0.2736	1	0.6667	0	1	0	1	1	0.001	0.0231	0.0071	0.0006	0.0006	0.106	0.1193	0.0104	0.0253	0.0063	0.0065	0.0059	0.0247	0.0066	0.0132	0.0251	0.3636	0.1637	0.0475	0.0136	1
0.2069	0.2484	0	0.1667	0	1	0	0	1	0.039	0.1668	0.0953	0.0051	0.1196	0.1846	0.1601	0.0081	0.0032	0.1152	0.0662	0.0026	0.1336	0.0306	0.0215	0.2301	0.8934	0.0613	0.001	0.0825	0
0.2414	0.046	0	0.3333	0	1	0	0	1	0.0224	0.1266	0.0252	0.1124	0.0642	0.0889	0.1211	0.0576	0.3078	0.0131	0.1244	0.0234	0.1075	0.1164	0.0235	0.1068	0.0487	0.1544	0.2063	0.0449	1
0.6207	0.2156	1	0	0	1	0	0	1	0.0248	0.1934	0.0781	0.1496	0.09	0.1021	0.1972	0.1339	0.0589	0.0143	0.3717	0.0166	0.0718	0.1804	0.0137	0.0241	0.3788	0.0253	0	0.0045	1
0.7586	0.1025	1	0	0	1	1	0	0	0.0219	0.1138	0.0876	0.1677	0.4712	0.1109	0.2467	0.0093	0.763	0.0041	0.0803	0.3044	0.0724	0.2838	0.0357	0.1076	0.1077	0.0513	0.4218	0.2983	1
0.6207	0.3776	0	0.3333	0	1	0	0	1	0.0035	0.051	0.1118	0.1684	0.3109	0.1309	0.1301	0.4584	0.0129	0.0002	0.146	0.0225	0.0385	0.01	0.0353	0.0237	0.2897	0.0474	0.2463	0.0676	1
0.2241	0.2627	0	0.1667	1	0	0	1	1	0.0005	0.0021	0.0416	0.0246	0.0009	0.0727	0.1199	0.0155	0.021	0.0025	0.0099	0.0121	0.0999	0.0052	0.001	0.016	0.3863	0.1444	0.0051	0.005	1
0.3966	0.2225	0	0.3333	0	1	0	0	1	0.0352	0.027	0.0211	0.0293	0.16	0.5747	0.3311	0.0052	0.0126	0.004	0.0194	0.0138	0.0609	0.0127	0.0179	0.1059	0.3118	0.0829	0	0.0406	0
0.2586	0.2353	1	0.5	0	1	0	0	1	0.0111	0.2385	0.0006	0.038	0.0307	0.1471	0.2938	0.0047	0.0213	0.016	0.0176	0.0631	0.0059	0.0175	0.0087	0.1056	0.9569	0.0474	0	0.0361	0
0.7759	0.2222	0	0.1667	0	1	0	0	1	0.0098	0.0638	0.039	0.01	0.1738	0.4615	0.2652	0.0019	0.0103	0.0169	0.0155	0.0267	0.005	0.0078	0.0364	0.028	0.4629	0.0379	0	0.1858	0
0.1724	0.0259	1	0.3333	0	1	0	0	0	0.0041	0.0167	0.0265	0.0099	0.0855	0.1295	0.1208	0.0058	0.0228	0.0267	0.0042	0.0055	0.0874	0.0016	0.0004	0.1294	0.5099	0.0335	0.1426	0.0378	1
0.2241	0.243	1	0.5	0	1	1	0	0	0.0029	0.2663	0.0006	0.006	0.1464	0.2648	0.4273	0.0059	0.0174	0.0236	0.0191	0.0471	0.0189	0.0153	0.0097	0.1343	0.2891	0.1645	0	0.0816	0
0.5345	0.3641	0	0.3333	0	1	0	0	1	0.0158	0.0894	0.1645	0.0587	0.1202	0.2941	0.3688	0.0117	0.208	0.0139	0.1405	0.0022	0.2167	0.0832	0.0241	0.0012	0.5063	0.1225	0.0136	0.0181	1
0.1034	0.0233	1	0.1667	1	0	0	0	1	0.0022	0.0023	0.0025	0.0006	0.0006	0.0722	0.1193	0.0069	0.0272	0.0017	0.0059	0.0142	0.016	0.005	0.0163	0.0067	0.3698	0.0524	0.0184	0.0003	1
0.1724	0.3736	0	0.3333	0	1	0	0	1	0.004	0.1415	0.1221	0.1209	0.2663	0.1692	0.1197	0.0234	0.0088	0.087	0.0869	0.0296	0.1028	0.1653	0.0206	0.1355	0.8021	0.1881	0.027	0.197	0
0.2931	0.3612	1	0.5	0	1	0	0	0	0.0034	0.028	0.0032	0.0005	0.0002	0.092	0.1193	0.0122	0.0229	0.0236	0.0012	0.0127	0.016	0	0.0128	0.0428	0.8952	0.338	0	0.0304	1
0.4655	0.1445	1	0.5	0	1	0	1	1	0.0044	0.0527	0.0044	0.0073	0.0009	0.1249	0.1812	0.0124	0.0353	0.0023	0.0175	0.0127	0.015	0.0076	0.007	0.0511	0.3786	0.0373	0	0.0537	0
0.431	0.3729	1	0.5	0	1	0	0	0	0.0003	0.1616	0.0139	0.016	0.0221	0.0988	0.1227	0.0638	0.0078	0.0167	0.0248	0.0206	0.0253	0.0071	0.0035	0.2011	0.5081	0.126	0.0551	0.0731	0
0.2069	0.1572	1	0.5	0	1	0	0	0	0.0002	0.0065	0.0324	0.0002	0.3204	0.0704	0.0682	0.0091	0.0082	0.0172	0.0095	0.0214	0.0269	0.0829	0.0211	0.0884	0.527	0.0581	0	0.034	0
0.3276	0.2222	1	0.5	0	1	0	0	1	0.0217	0.3901	0.0126	0.0083	0.6131	0.7418	0.3414	0.014	0.0114	0.0055	0.0408	0.0213	0.1832	0.0366	0.0189	0.101	0.5242	0.1605	0.007	0.1266	0
0.1207	0.1802	0	0.1667	1	0	0	0	1	0.0233	0.0009	0.0042	0.0001	0.0006	0.081	0.1192	0.0008	0.0148	0.0172	0.0041	0.0154	0.0184	0.0091	0.0029	0.0692	0.9779	0.0582	0.1041	0	1
0.2931	0.0908	1	0.1667	1	0	0	0	1	0.0041	0.0369	0.0033	0.0155	0	0.1981	0.1223	0.0047	0.0073	0.0094	0.0159	0.0296	0.0423	0.0016	0.0097	0.0311	0.0788	0.0996	0	0.0692	0
0.5517	0.3769	0	0.5	0	1	0	0	1	0.323	0.0785	0.0117	0.0284	0.1775	0.0818	0.1398	0.002	0.0189	0.0072	0.0019	0.0002	0.0016	0.0351	0.0123	0.1893	0.0158	0.4831	0.1683	0.0512	0
0.0345	0.0981	0	0.1667	1	0	0	0	1	0.0027	0.0012	0.009	0.0031	0.0006	0.0755	0.1276	0.0083	0.0116	0.0225	0.0191	0.0183	0.0579	0.0048	0.0179	0.0757	0.9588	0.1028	0	0.005	0
0.1724	0.1087	0	0.8333	0	1	1	0	0	0.0088	0.0646	0.0399	0.0463	0.0803	0.1255	0.1543	0.0172	0.0187	0.0026	0.0101	0.0165	0.1174	0.0394	0.0212	0.1374	0.3852	0.0064	0.4013	0.0474	1
0.6379	0.2397	0	0.1667	0	1	0	0	1	0.0141	0.0544	0.0028	0.003	0.0553	0.3156	0.4474	0.0112	0.013	0.0135	0.022	0.0311	0.0339	0.0201	0.0253	0.1366	0.8963	0.0691	0	0.1544	0
0.0862	0.2944	0	0	0	1	1	0	1	0.0306	0.0199	0.0664	0.0265	0.6922	0.1154	0.303	0.0984	0.0005	0.0053	0.0597	0.0163	0.3446	0.1184	0.01	0.1787	0.13	0.0123	0.0198	0.2085	1
0.4483	0.1379	1	0.3333	0	1	1	1	1	0.0188	0.061	0.0163	0.0044	0.0713	0.1594	0.2296	0.0296	0.0031	0.0255	0.0339	0.008	0.0443	0.0204	0.0192	0.0358	0.9244	0.1689	0.0481	0.082	1
0.8103	0.6662	1	0.5	0	1	0	0	0	0.0089	0.954	0.0138	0.0118	0.3712	0.1337	0.1562	0.0001	0.0694	0.0068	0.0348	0.0065	0.0554	0.1758	0.0043	0.0269	0.8445	0.1449	0	0.4003	0
0.569	0.378	0	0.3333	0	1	0	0	1	0.047	0.0105	0.0013	0.0004	0.0009	0.4963	0.6117	0.0086	0.0178	0.0041	0.0116	0.0237	0.0548	0.01	0.0088	0.0253	0.3338	0.0331	0	0.232	0
0.4483	0.1379	1	0.3333	0	1	1	1	1	0.101	0.0095	0.0202	0.0025	0.0594	0.1351	0.1947	0.0325	0.0097	0.0067	0.0298	0.0543	0.0204	0.0131	0.0429	0.0834	0.022	0.1476	0.061	0.0396	1
0.7586	0.3375	0	0.1667	0	1	0	0	0	0.0169	0.0584	0.0683	0.0336	0.1257	0.0819	0.1677	0.0168	0.0004	0.0027	0.06	0.0114	0.2216	0.0241	0.0196	0.024	0.3765	0.1826	0	0.1379	0
0.5345	0.1879	1	0.5	0	1	0	0	1	0.0289	0.0641	0.0299	0.0383	0.252	0.2141	0.4468	0.0099	0.0066	0.0022	0.0541	0.0116	0.0177	0.0535	0.016	0.0216	0.1712	0.0132	0	0.0008	0
0.7931	0.3594	1	0.6667	0	1	0	0	0	0.0009	0.0388	0.0502	0.0045	0.2349	0.1138	0.1509	0.0128	0.0475	0.0062	0.0228	0.0274	0.0123	0.0317	0.0238	0.1115	0.1576	0.0169	0.0041	0.1165	0
0.5517	0.1357	1	0.1667	1	0	0	0	1	0.0005	0.0003	0.0086	0.0019	0.0009	0.0783	0.1247	0.0087	0.024	0.0102	0.0163	0.0047	0.0759	0.0086	0.0038	0.0309	0.9552	0.0676	0	0.0014	0
0.2931	0.1084	0	0	0	1	0	1	0	0.0923	0.0124	0.1812	0.1436	0.0327	0.2226	0.3113	0.3315	0.0158	0.0264	0.1521	0.0146	0.1522	0.0977	0.0146	0.0593	0.2537	0.1242	0.3621	0.1639	1
0.4138	0.3772	0	0	0	1	0	0	0	0.0585	0.2405	0.0448	0.0362	0.4826	0.1894	0.1218	0.0825	0.0192	0.0002	0.0044	0.0082	0.0685	0.0539	0.0035	0.0103	0.4235	0.1006	0.2661	0.1213	1
0.1897	0.0179	0	0.1667	0	1	0	0	1	0.0132	0.1609	0.1072	0.0667	0.2477	0.1593	0.1325	0.0193	0.0012	0.0201	0.1049	0.0237	0.2803	0.2074	0.0277	0.3591	0.5451	0.067	0.0016	0.0162	1
0.3276	0.0036	0	0.1667	0	1	0	0	1	0.0054	0.0106	0.1425	0.1787	0.5468	0.2193	0.1824	0.0166	0.6122	0.013	0.142	0.024	0.1369	0.1034	0.2559	0.195	0.3183	0.0134	0.3277	0.0777	1
0.1379	0.3528	1	0.1667	1	0	0	0	1	0.002	0.0019	0.0025	0.0003	0.0001	0.1123	0.1192	0.0124	0.0001	0.0198	0.0093	0.0006	0.0089	0.0013	0.0048	0.0645	0.1899	0.1805	0.5809	0.0062	1
0.1034	0.2802	1	0	0	1	0	0	1	0.0047	0.0248	0.0093	0.0015	0.0007	0.0873	0.1618	0.009	0.021	0.0269	0.0013	0.0045	0.0424	0.0092	0.0097	0.1389	0.1408	0.138	0	0.0613	0
0.2931	0.2061	0	0	0	1	0	0	0	0.0066	0.0587	0.016	0.0026	0.0003	0.1828	0.1375	0.0158	0.0122	0.0199	0.0123	0.0205	0.0227	0.0011	0.0012	0.0725	0.5837	0.0628	0	0.0859	0
0.2241	0.0952	0	0.1667	0	1	0	0	1	0.0066	0.0103	0.0339	0.0709	0.0383	0.1642	0.2068	0.0002	0.0027	0.0111	0.0278	0.031	0.1842	0.0663	0.0123	0.0233	0.5828	0.0963	0.0003	0.0942	0
0.1897	0.1313	0	0.1667	0	1	0	0	1	0.0044	0.1938	0.1269	0.115	0.2936	0.3225	0.4126	0.0355	0.004	0.0727	0.0554	0.0113	0.2251	0.2158	0.0169	0.0121	0.7662	0.133	0.1068	0.0143	1
0.8621	0.2733	0	0.1667	0	1	1	0	1	0.0083	0.1635	0.0221	0.0008	0.1562	0.7881	0.775	0.0026	0.0217	0.0074	0.0084	0.0159	0.0386	0.021	0.0096	0.1039	0.4715	0.0316	0	0.1153	0
0.2931	0.3783	0	0.5	0	1	0	0	1	0.1143	0.4412	0.0698	0.0531	0.3408	0.3855	0.2961	0.172	0.0092	0.0268	0.0151	0.0089	0.0784	0.0121	0.0246	0.1925	0.1862	0.103	0.028	0.1604	1
0.7241	0.201	1	0.1667	0	1	0	0	0	0.0689	0.0428	0.0249	0.1088	0.5693	0.2792	0.4227	0.0141	0.0386	0.0253	0.0386	0.0126	0.1633	0.0223	0.0247	0.0065	0.4763	0.1031	0.0173	0.1267	1
0.2586	0.2247	0	0	0	1	0	0	1	0.0436	0.111	0.1712	0.008	0.5886	0.5984	0.1721	0.0025	0.0186	0.454	0.2119	0.0326	0.0043	0.0057	0.013	0.1946	0.3338	0.1193	0.0193	0.0479	1
0.2414	0.131	0	0.1667	0	1	0	0	1	0.0185	0.0109	0.0598	0.0201	0.2459	0.3706	0.4228	0.0035	0.0525	0.0025	0.0402	0.0053	0.0369	0.0297	0.0201	0.1211	0.2871	0.0519	0.0026	0.1237	0
0.2759	0.374	1	0.6667	0	1	1	0	1	0.0018	0.4835	0.032	0.0052	0.0423	0.7989	0.6466	0.013	0.2454	0.0184	0.038	0.0815	0.016	0.0056	0.0316	0.1335	0.3077	0.1186	0.0474	0.2154	1
0.2586	0.2251	0	0.3333	1	0	0	1	0	0.0786	0.0722	0.1499	0.1483	0.3065	0.2708	0.1488	0.1504	0.0164	0.0076	0.2254	0.0033	0.1867	0.1019	0.1271	0.0504	0.3358	0.0577	0.3237	0.1873	1
0.3793	0.1642	0	0.1667	0	1	0	0	1	0.0198	0.0346	0.0049	0.0554	0.6918	0.3599	0.2677	0.7543	0.0189	0.014	0.4353	0.0049	0.0689	0.3052	0.2272	0.0216	0.9483	0.0991	0.0195	0.0559	1
0.431	0.2003	1	0.1667	1	0	0	0	0	0.0017	0.0536	0.0599	0.0047	0.1089	0.3257	0.5205	0.0105	0.1119	0.0227	0.0316	0.0287	0.0431	0.0634	0.0151	0.1116	0.851	0.0548	0.0056	0.131	0
0.1034	0.1594	0	0.1667	1	0	0	0	1	0.0013	0.0028	0.0037	0.0019	0	0.0712	0.1206	0.0163	0.0271	0.0166	0.0148	0.013	0.0729	0.0035	0.0235	0.1114	0.1888	0.1166	0	0	0
0.2931	0.0066	0	0.3333	0	1	0	0	0	0.0632	0.0851	0.2557	0.4648	0.1064	0.1885	0.1219	0.0825	0.0086	1	0.1305	0.012	0.2767	0.4288	0.3847	0.5653	0.5435	0.0153	0.0844	0.0547	1
0.2069	0.0846	1	0.1667	1	0	0	0	0	0.0007	0.0421	0.0312	0.0864	0.2719	0.074	0.1293	0.0375	0.0457	0.0187	0.0203	0.0123	0.1189	0.0191	0.009	0.0393	0.8509	0.0609	0.0064	0.0103	0
0.2241	0.1554	1	0.1667	0	1	0	1	0	0.0021	0.0269	0.015	0.0116	0.1273	0.1074	0.1192	0.0507	0.0134	0.0113	0.0338	0.0145	0.1899	0.0031	0.0385	0.0892	0.3601	0.045	0.0025	0.0375	0
0.5172	0.2018	1	0.1667	0	1	0	0	1	0.001	0.0005	0.0064	0.0003	0.0007	0.12	0.1193	0.008	0.0167	0.0266	0.0017	0.0144	0.011	0.0094	0.0099	0.1161	0.054	0.0327	0.1839	0.0051	1
0.4828	0.2988	1	0.6667	0	1	0	0	0	0.0951	0.1833	0.0478	0.119	0.4177	0.1648	0.1602	0.3517	0.0138	0.0102	0.0622	0.0039	0.3622	0.2577	0.0598	0.1047	0.3705	0.1411	0.7442	0.048	1
0.5517	0.351	1	0.6667	0	1	0	0	1	0.0015	0.0507	0.0087	0.0003	0	0.5096	0.4692	0.0127	0.0103	0.0054	0.0005	0.0297	0.0158	0.0168	0.009	0.1327	0.08	0.3695	0.0009	0.4286	0
0.4138	0.1631	0	0.1667	0	1	0	1	1	0.0135	0.0112	0.1158	0.033	0.7674	0.1012	0.1079	0.1362	0.0031	0.0209	0.1035	0.0247	0.1595	0.1584	0.0498	0.0065	0.4698	0.0919	0.1143	0.0473	1
0.3448	0.3845	0	0	0	1	0	0	0	0.0535	0.1169	0.2257	0.0584	0.5853	0.1699	0.166	0.0456	0.0053	0.007	0.0947	0.0179	0.0888	0.1484	0.0331	0.1768	0.2476	0.0963	0.0109	0.2113	1
0.7069	0.0675	1	0.1667	1	0	0	0	1	0.009	0.2063	0.0545	0.4981	0.5186	0.2396	0.2352	0.0163	0.0105	0.022	0.4097	0.0103	0.1084	0.1205	0.4467	0.0062	0.9807	0.1468	0	0.1106	1
0.2759	0.3732	1	0.6667	0	1	1	0	1	0.0057	0.1611	0.0099	0.0242	0.0284	0.4661	0.5009	0.0151	0.1333	0.0036	0.0751	0.0111	0.01	0.0107	0.0962	0.0817	0.5816	0.2051	0.0316	0.0582	1
0.4483	0.1222	0	0.1667	0	1	0	0	1	0.072	0.0808	0.0431	0.0075	0.1222	0.0745	0.181	0.0168	0.0006	0.0001	0.0013	0.0126	0.0986	0.0111	0.0152	0.1286	0.0664	0.0406	0.0128	0.0151	0
0.2931	0.3313	0	0	0	1	0	1	0	0.0359	0.1514	0.1992	0.1825	0.7229	0.1799	0.2555	0.7195	0.0248	0.0082	0.2472	0.007	0.094	0.0495	0.0261	0.1187	0.0162	0.0026	0.1425	0.1547	1
0.1724	0.1875	1	0.3333	0	1	0	0	1	0.0013	0.0577	0.0239	0.0036	0.0442	0.1114	0.1212	0.0147	0.0152	0.0006	0.0222	0.0287	0.1011	0.0217	0.0169	0.0752	0.6544	0.0189	0	0.0317	0
0.1897	0.1299	0	0.1667	0	1	0	0	1	0.0012	0.2046	0.1469	0.0869	0.2465	0.3491	0.3301	0.0171	0.0112	0.4845	0.036	0.0211	0.2961	0.0018	0.0017	0.4047	0.7779	0.1655	0.0399	0.0046	1
0.2586	0.2722	0	0.3333	0	1	0	0	0	0.1098	0.4419	0.0209	0.3723	0.3554	0.1793	0.1307	0.2395	0.0246	0.001	0.279	0.0003	0.1813	0.0828	0.0939	0.0051	0.1308	0.1211	0	0.1586	1
0.1897	0.3787	0	0.1667	1	0	0	0	1	0.0183	0.0025	0.0715	0.098	0.0087	0.0881	0.1313	0.1326	0.0112	0.0007	0.0413	0.1102	0.0815	0.0377	0.0094	0.103	0.1193	0.0088	0.3226	0.0095	1
0.1724	0.1514	0	0.1667	1	0	0	0	1	0.0502	0.1657	0.0749	0.1177	0.5086	0.1074	0.2275	0.2479	0.0095	0.0085	0.1667	0.0278	0.1149	0.0734	0.0808	0.1113	0.9972	0.2061	0.1692	0.1269	1
0.569	0.0569	0	0	0	1	1	1	1	0.0167	0.0009	0.1899	0.2576	0.252	0.1892	0.1403	0.3685	0.0475	0.016	0.2121	0.0009	0.1629	0.0327	0.1869	0.4328	0.0941	0.3461	0.1101	0.4551	1
0.2414	0.2762	0	0.5	0	1	0	0	0	0.0008	0.0565	0.0009	0.0001	0.0007	0.0946	0.1193	0.0152	0.0252	0.0133	0.0084	0.0046	0.0244	0.0001	0.0036	0.11	0.8383	0.1234	0.0169	0.0145	1
0.0862	0.0726	1	0.1667	1	0	0	0	1	0.0004	0.0232	0.0075	0.0045	0.3727	0.1135	0.1345	0.0081	0.0197	0.02	0.0031	0.012	0.0999	0.0092	0.0142	0.0793	0.0831	0.0246	0.0277	0.0154	0
0.7759	0.3761	0	0.1667	0	1	0	0	1	0.0044	0.1369	0.0073	0.0005	0.0003	0.159	0.4057	0.0118	0.0199	0.0011	0.022	0.0177	0.0384	0.0151	0.0119	0.0428	0.791	0.0996	0	0.0694	0
0.7931	0.1237	0	0.1667	0	1	0	0	0	0.0401	0.1413	0.1114	0.1092	0.0938	0.6716	0.8166	0.0305	0.0096	0.0148	0.0227	0.0087	0.0533	0.0731	0.0035	0.2298	0.3665	0.1162	0	0.0648	1
0.2241	0.3714	1	0.1667	0	1	0	0	1	0.0383	0.0026	0.0156	0.1152	0.3505	0.0934	0.1193	0.0788	0.0077	0.0023	0.0964	0.0012	0.1113	0.0517	0.0338	0.0154	0.7935	0.0217	0.1617	0.1173	1
0.3621	0.2295	0	0.5	0	1	0	0	1	0.0027	0.0458	0.0124	0.0096	0.5259	0.0848	0.1749	0.0081	0.0057	0.0237	0.0147	0.0172	0.1616	0.0697	0.0193	0.0222	0.6296	0.0874	0.0035	0.1641	0
0.5517	0.3656	1	0.5	0	1	0	0	1	0.0319	0.0322	0.0055	0.0181	0.038	0.2575	0.9495	0.0009	0.0205	0.0176	0.0221	0.0161	0.0165	0.0238	0.0208	0.1047	0.8382	0.0926	0.0104	0.0443	0
0.6897	0.3032	1	0.3333	0	1	0	0	0	0.0101	0.2077	0.0406	0.0304	0.107	0.095	0.1604	0.0012	0.0132	0.0011	0.0444	0.0237	0.1577	0.0258	0.0173	0.0752	0.887	0.0673	0.0061	0.0828	0
0.1034	0.0978	0	0.1667	1	0	0	0	1	0.002	0.0017	0.0134	0.0183	0.0004	0.0729	0.1222	0.0209	0.027	0.0176	0.0135	0.0273	0.0109	0.0015	0.0181	0.0406	0.98	0.05	0	0	1
0.2931	0.0434	1	0.6667	0	1	0	0	1	0.0379	0.117	0.0047	0.0057	0.0004	0.1331	0.1453	0.0069	0.0124	0.0154	0.0086	0.0202	0.0442	0.0079	0.021	0.0956	0.3082	0.1547	0	0.0372	0
0.4828	0.3218	0	0.1667	1	0	1	0	0	0.0285	0.0085	0.0975	0.0759	0.3068	0.0983	0.1203	0.0816	0.0088	0.0074	0.0739	0.0737	0.0599	0.0322	0.0356	0.0044	0.5243	0.2395	0	0.0433	1
0.431	0.0606	0	0.5	1	0	0	0	0	0.0072	0.0395	0.0434	0.0233	0.0478	0.095	0.1221	0.0323	0.0182	0.0155	0.0112	0.0178	0.0257	0.0178	0.0093	0.1015	0.4866	0.0083	0.0294	0.0508	0
0.5517	0.1328	1	0	0	1	0	0	0	0.0025	0.0644	0.0201	0.0022	0.0022	0.1597	0.2805	0.0084	0.011	0.0064	0.0003	0.0236	0.0081	0.0199	0.0147	0.1693	0.0979	0.086	0.0295	0.02	0
0.6724	0.0277	0	0.1667	1	0	1	0	1	0.0081	0.1542	0.0283	0.0101	0.5906	0.0805	0.4049	0.0041	0.014	0.0182	0.0409	0.037	0.0072	0.0069	0.0601	0.2692	0.3472	0.1392	0	0.0298	1
0.569	0.0591	1	0.1667	0	1	1	0	1	0.0014	0.003	0.0429	0.0382	0.0153	0.0927	0.1343	0.073	0.0195	0.0237	0.0489	0.1048	0.0109	0.0206	0.0045	0.0897	0.5885	0.0594	0.0019	0.0137	1
0.431	0.2346	1	0.6667	0	1	1	0	0	0.0009	0.3259	0.0383	0.0013	0.4976	0.6641	0.3386	0.0144	0.1154	0.0055	0.0205	0.0238	0.01	0.0274	0.0025	0.1095	0.3317	0.0259	0	0.1879	0
0.3276	0.3579	0	0	0	1	1	1	1	0.0058	0.0506	0.0012	0.0231	0.0676	0.0952	0.134	0.0607	0.0157	0.0092	0.0606	0.004	0.0958	0.0145	0.1346	0.0232	0.083	0.0307	0.0043	0.021	1
0.2931	0.0565	0	0.1667	0	1	0	0	0	0.0035	0.0704	0.0301	0.0013	0.3209	0.157	0.1264	0.0066	0.0033	0.0248	0.0169	0.0025	0.1458	0.025	0.0168	0.0273	0.0579	0.027	0.0005	0.0212	0
0.7414	0.3769	1	0.1667	0	1	0	0	0	0.0945	0.1124	0.1232	0.0471	0.6039	0.1907	0.3524	0.01	0.038	0.0076	0.1387	0.015	0.1032	0.0509	0.0169	0.1068	0.6822	0.166	0.0368	0.279	0
0.1552	0.1737	0	0	0	1	0	0	1	0.0092	0.1333	0.0603	0.1139	0.0461	0.2746	0.2703	0.0102	0.0251	0.0351	0.0564	0.0264	0.1064	0.053	0.0103	0.0779	0.2179	0.0512	0.0105	0.0804	0
0.4828	0.139	1	0.3333	0	1	0	0	1	0.0176	0.1685	0.0365	0.0165	0.5637	0.5501	0.3222	0.0341	0.0149	0.017	0.0232	0.0113	0.0793	0.0574	0.0187	0.0417	0.4539	0.1089	0.0065	0.0276	0
0.6034	0.3754	1	0.3333	0	1	0	0	0	0.0044	0.1016	0.0708	0.0043	0.7452	0.1347	0.1236	0.0044	0.0932	0.0159	0.0521	0.0205	0.1677	0.0062	0.0062	0.0949	0.9343	0.2487	0	0.2754	0
0.2241	0.0624	0	0.1667	0	1	1	0	0	0.0117	0.0577	0.0368	0.0102	0.3304	0.1247	0.1239	0.0153	0.0206	0.1411	0.1146	0.0276	0.031	0.0816	0.0146	0.2743	0.2768	0.0731	0.0014	0.0862	1
0.5	0.154	0	0	1	0	0	1	1	0.0446	0.0613	0.1832	0.3342	0.5699	0.1588	0.1243	0.0272	0.4541	0.0138	0.2823	0.014	0.0187	0.11	0.004	0.2051	0.2805	0.0252	0.1039	0.0756	1
0.3103	0.1226	1	0.1667	1	0	0	0	0	0.0005	0.0064	0.0017	0.0021	0.1745	0.3358	0.2932	0.0127	0.0173	0.0222	0.0166	0.0018	0.1282	0.0232	0.004	0.0407	0.1248	0.0099	0	0.0385	0
0.4828	0.5677	1	0.8333	0	1	1	0	1	0.0172	0.5447	0.0224	0.0033	0.044	0.1657	0.5457	0.0058	0.0102	0.0244	0.0002	0.0295	0.1097	0.0015	0.0201	0.1162	0.7477	0.03	0	0.1383	0
0.2586	0.1047	1	0.1667	1	0	0	0	1	0.0005	0.0025	0.0005	0.0114	0.0051	0.1078	0.1756	0.0034	0.0279	0.0224	0.0226	0.008	0.0664	0.0146	0.0166	0.173	0.6066	0.0288	0.0081	0.017	0
0.569	0.1288	0	0	1	0	1	0	1	0.0247	0.0634	0.0442	0.0404	0.122	0.7594	0.1495	0.0544	0.1141	0.0163	0.0458	0.0166	0.0235	0.041	0.0755	0.2661	0.6621	0.0639	0	0.0937	0
0.5862	0.0168	1	0.5	0	1	0	0	0	0.0016	0.007	0.0126	0.0008	0.0002	0.0821	0.1312	0.0117	0.004	0.0211	0.0023	0.0145	0.0269	0.0049	0.0041	0.0062	0.1326	0.0926	0.0037	0.0105	0
0.1724	0.1937	0	0.1667	1	0	0	0	1	0.0004	0.0376	0.0086	0.0014	0.0008	0.0903	0.1258	0.0119	0.0151	0.016	0.0039	0.0313	0.0361	0.006	0.0028	0.1017	0.55	0.0367	0	0.0354	0
0.5	0.0142	1	0.5	0	1	0	1	1	0.0022	0.1535	0.0925	0.1188	0.5146	0.1967	0.1528	0.0282	0.0572	0.0206	0.0365	0.0292	0.0673	0.0013	0.1583	0.2749	0.4145	0.1268	0.1424	0.0021	1
0.3621	0.0368	0	0.1667	1	0	0	1	1	0.0543	0.0355	0.299	0.1395	0.4084	0.0915	0.1286	0.4626	0.0134	0.0068	0.0921	0.0025	0.1731	0.017	0.0722	0.046	0.0229	0.1044	0.1546	0.1222	1
0.2586	0.1474	0	0.1667	0	1	0	0	1	0.0001	0.0008	0.0063	0.0202	0.0054	0.6008	0.7101	0.0528	0.0035	0.0065	0.0349	0.0372	0.1192	0.0006	0.0157	0.1136	0.5981	0.0102	0.0271	0.0892	0
0.2759	0.004	0	0.1667	0	1	0	0	1	0.0141	0.005	0.0376	0.0019	0.0341	0.0992	0.1208	0.0356	0.0176	0.0189	0.0144	0.007	0.019	0.0183	0.0071	0.0712	0.3332	0.0006	0.0168	0.0049	0
0.5862	0.3758	0	0.3333	0	1	1	0	1	0.061	0.0615	0.1135	0.0149	0.3162	0.1562	0.1596	0.0049	0.0244	0.0254	0.0465	0.0002	0.0432	0.0947	0.0291	0.0148	0.384	0.0306	0.0223	0.2284	0
0.2414	0.0595	0	0.5	0	1	0	1	0	0.0089	0.0108	0.001	0.0001	0.0005	0.0729	0.1193	0.0133	0.0187	0.0242	0	0.0044	0.0115	0.0068	0.0227	0.14	0.4019	0.0405	0	0.0142	1
0.2241	0.1215	1	0.1667	0	1	1	1	1	0.0124	0.0216	0.0119	0.0358	0.0668	0.142	0.121	0.0069	0.0213	0.0152	0.0646	0.0081	0.0584	0.0547	0.0099	0.0998	0.3406	0.1104	0.4518	0.0009	1
0.3103	0.2262	1	0.5	0	1	0	0	1	0.0143	0.0872	0.023	0.0039	0.0058	0.0935	0.1443	0.0061	0.026	0.006	0.0182	0.0209	0.0683	0.0027	0.0467	0.0923	0.2023	0.0642	0.0131	0.0406	0
0.0172	0.0102	1	0.1667	1	0	1	0	1	0.0173	0.001	0.0081	0.0164	0.0409	0.0979	0.1207	0.0264	0.0026	0.0222	0.0133	0.0046	0.0472	0.0114	0.0351	0.0455	0.8239	0.2295	0.6094	0.0038	1
0.3966	0.3564	1	0.1667	1	0	0	0	1	0.0022	0.064	0.0106	0.0004	0.0005	0.1334	0.1214	0.0029	0.0016	0.0072	0.017	0.0129	0.0348	0.0034	0.0201	0.1109	0.0241	0.2461	0.1222	0.0152	1
0.4483	0.1131	1	0.5	0	1	1	1	1	0.1442	0.2203	0.1782	0.2128	0.1937	0.1801	0.357	0.2198	0.006	0.0251	0.0814	0.0277	0.0245	0.1347	0.0218	0.0655	0.2358	0.1351	0.8087	0.003	1
0.8448	0.1696	1	0.1667	0	1	0	0	0	0.0066	0.0591	0.0231	0.0021	0.0018	0.1888	0.1375	0.0129	0.0078	0.0252	0.006	0.0165	0.0806	0.0038	0.017	0.1409	0.3638	0.1545	0	0.1566	0
0.4483	0.2984	0	0	0	1	0	0	1	0.011	0.2145	0.1055	0.0923	0.109	0.4742	0.2289	0.0149	0.011	0.0033	0.0439	0.0221	0.0249	0.0911	0.0102	0.03	0.5451	0.0283	0.0018	0.1961	0
0.3966	0.2671	1	0.1667	1	0	0	0	0	0.0023	0.0071	0.0151	0.0095	0.2539	0.1112	0.1468	0.0218	0.0157	0.0185	0.0124	0.0129	0.0585	0.0114	0.006	0.2619	0.398	0.0316	0	0.0387	0
0.1897	0.5144	1	0.3333	0	1	0	0	0	0.0023	0.0158	0.0187	0.0016	0.1951	0.115	0.1215	0.0031	0.0268	0.0099	0.0291	0.0406	0.0603	0.0144	0.0155	0.0292	0.399	0.0015	0.0124	0.0542	0
0.2241	0.1047	1	0.5	1	0	1	0	0	0.0255	0.0259	0.0986	0.2056	0.1959	0.0791	0.1218	0.1155	0.1363	0.015	0.0969	0.0107	0.1576	0.0963	0.0151	0.0163	0.1441	0.0792	0	0.0014	1
0.0517	0.1485	1	0.1667	1	0	0	0	0	0	0.0132	0.0699	0.0185	0.0067	0.1161	0.1274	0.0208	0.0455	0.0222	0.0021	0.0201	0.1554	0.0228	0.0184	0.075	0.9575	0.1009	0.0109	0.0577	0
0.5	0.425	1	0.5	0	1	0	0	0	0.0211	0.0654	0.0058	0.0057	0.7086	0.6221	0.5961	0.0073	0.0112	0.0017	0.0033	0.0272	0.1803	0.0136	0.0061	0.1013	0.1743	0.007	0	0.1915	0
1	0.5538	1	0	0	1	0	0	1	0.0023	0.0097	0.0043	0.0137	0.0152	0.5402	0.4804	0.01	0.003	0.0135	0.0286	0.0052	0.0127	0.0065	0.0161	0.028	0.9072	0.3901	0.0001	0.5915	0
0.5345	0.1883	1	0.5	0	1	0	0	1	0.0147	0.0361	0.0169	0.0262	0.0444	0.3265	0.4819	0.0016	0.027	0.0015	0.1577	0.0145	0.2555	0.1023	0.0139	0.5372	0.9331	0.1634	0.0104	0.1613	0
0.2241	0.2638	1	0	1	0	0	0	1	0.0006	0.0403	0.0074	0.015	0.2587	0.0722	0.1436	0.0048	0.0198	0.0178	0.0267	0.0879	0.0448	0.0654	0.0234	0.137	0.0794	0.0235	0.0029	0.0498	0
0.2241	0.2652	0	0.1667	1	0	0	1	1	0.0017	0.0015	0.0004	0.0096	0.0583	0.0778	0.1243	0.0164	0.0266	0.0158	0.0296	0.036	0.0368	0.0307	0.009	0.0053	0.8211	0.1392	0.02	0.0013	1
0.569	0.2309	0	0	0	1	0	0	0	0.0897	0.0819	0.0197	0.0374	0.2848	0.7408	0.2035	0.0107	0.0192	0.0201	0.0423	0.0065	0.1172	0.0082	0.0038	0.1293	0.4902	0.1216	0	0.0884	0
0.2931	0.162	1	0	0	1	0	0	1	0.0058	0.0021	0.1027	0.1639	0.1443	0.0943	0.1245	0.0244	0.0391	0.006	0.0508	0.0229	0.1315	0.0805	0.0047	0.1157	0.7757	0.034	0.013	0.0153	0
0.1379	0.3714	0	0	1	0	0	0	1	0.002	0.1769	0.0271	0.0528	0.043	0.0908	0.1256	0.0096	0.0178	0.022	0.0053	0.0069	0.0826	0.0106	0.0172	0.1333	0.9416	0.1549	0.0288	0.1165	1
0.1897	0.3003	0	0.1667	0	1	0	0	0	0.0085	0.4408	0.0846	0.0044	0.7034	0.2547	0.1759	0.0278	0.0265	0.0211	0.0289	0.0198	0.0756	0.0831	0.0043	0.006	0.2696	0.1815	0.0771	0.2709	1
0.0517	0.1288	1	0.1667	1	0	0	0	1	0.0082	0.0002	0.004	0.0002	0.0008	0.0859	0.1193	0.0107	0.0134	0.0119	0.0011	0.0084	0.0147	0.0076	0.0071	0.0642	0.7648	0.0995	0.0978	0.0045	1
0.569	0.008	1	0.6667	0	1	1	0	1	0.0847	0.1565	0.0136	0.036	0.1144	0.5706	0.5913	0.4034	0.0205	0.0032	0.2261	0.0027	0.0912	0.0694	0.1583	0.0347	0.5187	0.0991	0	0.2119	1
0.4138	0.3152	1	0.5	0	1	0	0	1	0.0094	0.0379	0.0661	0.0395	0.5565	0.152	0.1092	0.0154	0.0484	0.0011	0.0267	0.0139	0.0478	0.0896	0.0007	0.1097	0.1795	0.0435	0	0.1086	0
0.7586	0.1073	1	0	0	1	1	0	0	0.0189	0.4623	0.1369	0.6315	0.2257	0.1297	0.2649	0.0135	0.524	0.0098	0.3242	0.0839	0.0303	0.0432	0.0079	0.0028	0.6154	0.199	0.5884	0.0967	1
0.3966	0.2882	0	0.1667	0	1	0	0	0	0.0026	0.0511	0.0158	0.0218	0.732	0.6112	0.1926	0.0615	0.0163	0.0088	0.0245	0.008	0.1525	0.0095	0.0008	0.0572	0.116	0.0716	0	0.1655	0
0.7069	0.3262	1	0.1667	1	0	0	1	1	0.0005	0.0029	0.0156	0.0219	0.017	0.0755	0.1193	0.0154	0.0073	0.0134	0.0115	0.0435	0.0428	0.0174	0.0044	0.0248	0.9193	0.1773	0.0116	0.006	1
0.3448	0.0927	1	0.5	0	1	0	0	1	0.0032	0.5122	0.3037	0.6109	0.0979	0.5946	0.4087	0.002	0.3046	0.0159	0.3563	0.5228	0.0652	0.0822	0.0218	0.3323	0.0306	0.0431	0.1672	0.0756	1
0.1724	0.2018	0	0.1667	0	1	0	0	1	0.0142	0.0046	0.0024	0.0579	0.2709	0.1041	0.1324	0.0037	0.0268	0.0014	0.0333	0.0122	0.0573	0.0667	0.0204	0.1869	0.2096	0.0054	0.0127	0.0721	0
0.3276	0.3586	0	0	0	1	1	1	1	0.0567	0.0296	0.0564	0.0617	0.0162	0.1224	0.1253	0.0665	0.0049	0.0011	0.0115	0.0112	0.0357	0.0051	0.0337	0.0895	0.098	0.0254	0.036	0.0943	1
0.4655	0.3127	1	0.5	0	1	0	0	0	0.0118	0.3871	0.0366	0.0345	0.5854	0.2097	0.1197	0.0008	0.0766	0.002	0.0504	0.016	0.1965	0.0294	0.0039	0.1029	0.7722	0.0382	0	0.0863	0
0.4828	0.4538	1	0.5	0	1	0	0	1	0.1597	0.0595	1	0.071	0.752	0.7052	0.6889	0.2277	0.0067	0.0207	1	0.007	0.1552	0.6413	0.0022	0.109	0.4296	0.1558	0	0.2631	0
0.2931	0.2565	1	0.1667	1	0	0	0	1	0.0006	0.0011	0.0029	0.0001	0	0.073	0.1193	0.0109	0.0141	0.0043	0.0084	0.0149	0.0351	0.0062	0.0016	0.0752	0.8969	0.1534	0.1828	0.0026	1
0.6552	0.1937	0	0.1667	0	0	0	0	0	0.0247	0.0343	0.0043	0.065	0.9693	0.2854	0.2344	0.0181	0.0028	0.0162	0.0316	0.0297	0.2404	0.0065	0.0032	0.0157	0.9992	0.0746	0.0033	0.1262	0
0.2931	0.2123	0	0.1667	0	1	0	0	1	0.0045	0.1178	0.1529	0.1708	0.45	0.1998	0.2254	0.1188	0.0138	0.0277	0.1031	0.0184	0.2818	0.3214	0.0231	0.0286	0.3904	0.0426	0.0077	0.0132	0
0.2586	0.22	1	0	0	1	0	0	1	0.0025	0.0536	0.0192	0.0085	0.1455	0.1487	0.2041	0.0141	0.0338	0.0142	0.0268	0.0128	0.0098	0.0011	0.0112	0.0007	0.1175	0.0046	0	0.0892	0
0.3448	0.3677	0	0.1667	0	1	0	1	0	0.0003	0.0228	0.0643	0.1298	0.2292	0.0841	0.1199	0.0429	0.0119	0.0076	0.0907	0.0202	0.1486	0.0024	0.0123	0.1343	0.8117	0.0096	0.0579	0.0102	1
0.2931	0.282	1	0.3333	0	1	0	0	1	0.0009	0.0104	0.0816	0.0106	0.0391	0.1234	0.4735	0.0135	0.0154	0.0104	0.0215	0.0035	0.2148	0.0806	0.0084	0.1376	0.2726	0.133	0.024	0.1043	0
0.3793	0.1058	1	0	0	1	1	0	0	0.0013	0.258	0.2924	0.3531	0.5795	0.2433	0.2128	0.0023	0.0073	0.019	0.1056	0.0102	0.1072	0.1052	0.1015	0.1003	0.0474	0.0171	0.0048	0.0686	1
0.3448	0.1251	1	0.3333	0	1	0	0	1	0.0005	0.0039	0	0.0002	0.0003	0.0721	0.1193	0.0053	0.0241	0.0189	0.0072	0.0144	0.0379	0.0073	0.0221	0.0536	0.1065	0.1542	0.0262	0.0033	1
0.7414	0.32	0	0.1667	0	1	0	0	1	0.0059	0.1708	0.0025	0.0345	0.0767	0.242	0.349	0.0491	0.0011	0.0028	0.0089	0.0245	0.1097	0.1673	0.0136	0.054	0.851	0.1663	0.0154	0.0514	1
0.5862	0.3488	0	0	0	1	0	0	0	0.0052	0.009	0.0808	0.0005	0.6705	0.4331	0.5217	0.0243	0.0209	0.0051	0.0011	0.021	0.1294	0.0469	0.0009	0.0822	0.5975	0.0606	0.0175	0.0679	0
0.5	0.1251	0	0.1667	0	1	0	0	1	0.0052	0.0318	0.0712	0.0134	0.6433	0.5382	0.2469	0.014	0.1242	0.0149	0.0586	0.0184	0.0639	0.0562	0.0051	0.0289	0.1895	0.0838	0	0.0253	0
0.2241	0.1087	1	0.1667	0	1	0	0	1	0.0126	0.0158	0.0033	0.0016	0.0583	0.2444	0.1858	0.0043	0.0183	0.0177	0.0029	0.0253	0.0598	0.0177	0.006	0.062	0.0377	0.0768	0	0.0369	0
0.5345	0.1912	0	0.3333	0	0	0	0	0	0.003	0.0457	0.0318	0.0042	0.1081	0.2291	0.2676	0.002	0.0214	0.0075	0.0194	0.0042	0.0226	0.03	0.0022	0.0041	0.6487	0.0084	0	0.0683	0
0.7241	0.2101	1	0.1667	0	1	0	0	1	0.0029	0.0016	0.0007	0.0004	0.0002	0.1228	0.1192	0.0158	0.0072	0.0161	0.0009	0.0001	0.0383	0.0011	0.0246	0.1404	0.6316	0.021	0.2586	0.0075	1
0.1207	0.1587	1	0	0	1	0	1	1	0.0019	0.0392	0.017	0.0043	0	0.0984	0.1153	0.0104	0.0107	0.0155	0.0184	0.0051	0.0336	0.0163	0.0118	0.1409	0.8671	0.119	0	0.0558	1
0	0.0518	0	0.1667	1	0	0	0	1	0.0091	0.0208	0.0489	0.0089	0.0423	0.0729	0.1233	0.1006	0.0081	0.0202	0.0425	0.0243	0.0612	0.0171	0.0182	0.0893	0.3084	0.0052	0	0.0015	1
0.1207	0.0522	1	0.1667	1	0	0	1	1	0.0018	0.0015	0.0031	0.0006	0.0005	0.0849	0.1506	0.0167	0.0085	0.0069	0.008	0.0125	0.0747	0.0009	0.0062	0.0145	0.3631	0.0519	0.0006	0.0124	0
0.4655	0.1784	1	0.3333	0	1	1	0	1	0.0009	0.1218	0.1612	0.0012	0.8995	0.2424	0.198	0.0064	0.0144	0.0142	0.1252	0.0074	0.1007	0.1616	0.0001	0.0544	0.5641	0.0241	0	0.0841	0
0.2069	0.3342	0	0.3333	0	1	0	0	1	0.0748	0.0662	0.2005	0.0277	0.5061	0.1261	0.1211	0.1347	0.0226	0.2311	0.1149	0.0065	0.0174	0.0673	0.0316	0.3781	0.4141	0.1337	0.0643	0.0429	0
0.1897	0.2992	0	0.1667	0	1	0	0	0	0.0147	0.0622	0.0595	0.0244	0.3531	0.1085	0.1761	0.0318	0.0172	0.0228	0.011	0.0124	0.1408	0.091	0.0343	0.0215	0.6186	0.0957	0.0681	0.0655	1
0.1897	0.3674	1	0	1	0	0	1	1	0.0006	0.0097	0.012	0.002	0.0005	0.0748	0.1206	0.0128	0	0.0149	0.0193	0.0001	0.056	0.0081	0.0157	0.0881	0.5102	0.1321	0	0.0077	0
0.4483	0.1883	1	0.1667	1	0	0	1	1	0.0021	0.0029	0.0031	0.0004	0.0003	0.1349	0.1193	0.0003	0.0095	0.0177	0.0038	0.0045	0.0106	0.0077	0.0132	0.127	0.5415	0.0941	0.0697	0.0017	1
0.6724	0.3046	0	0.3333	0	1	0	0	1	0.0004	0.2026	0.1461	0.017	0.144	0.2123	0.2164	0.0145	0.051	0.0095	0.001	0.0363	0.1337	0.1214	0.0068	0.1351	0.622	0.0881	0	0.1132	0
